playerAggression,distance,pastNemStates,pastNemStatesENC,nemInput,curReward
1,214369.0,Idle,0
-1,214369.0,Idle,0
-1,214369.0,Run,0
-1,214369.0,Run,0
-1,214369.0,Run,0
-1,213751.5,Dash,0
-1,213134.0,Run,0
-1,211509.0,Run,0
-1,209884.0,Dash,0
-1,208259.0,Run,0
-1,206634.0,Run,0
-1,204988.0625,Run,0
-1,203363.0625,Run,0
-1,201735.34375,Blast,0
-1,200110.34375,Run,0
-1,198485.34375,Run,0
-1,196860.34375,Run,0
-1,195235.34375,Run,0
-1,193610.328125,Run,0
-1,191985.328125,Run,0
-1,190360.328125,Run,0
-1,188735.328125,Run,0
-1,188735.328125,Run,0
-1,188735.328125,Run,0
-1,188117.828125,Run,0
-1,187500.328125,Run,0
-1,186882.828125,Run,0
-1,186265.34375,Run,0
-1,185647.84375,Run,0
-1,185030.34375,Run,0
-1,184412.84375,Run,0
-1,183795.34375,Dash,0
-1,183177.84375,Run,0
-1,182560.34375,Run,0
-1,181942.84375,Run,0
-1,181325.34375,Run,0
-1,180707.84375,Run,0
-1,180090.34375,Run,0
-1,179472.84375,Run,0
-1,178855.359375,Run,0
-1,178237.859375,Run,0
-1,177620.359375,Run,0
-1,177002.859375,Blast,0
-1,176385.375,Run,0
-1,176385.375,Dash,0
-1,176385.375,Run,0
-1,176385.375,Run,0
-1,176385.375,Run,0
-1,176385.375,Run,0
-1,176385.375,Run,0
-1,176385.375,Run,0
-1,176385.375,Run,0
-1,176385.375,Run,0
-1,176385.375,Run,0
-1,176385.375,Run,0
-1,176385.375,Run,0
-1,176385.375,Run,0
0,175205.71875,Run,1
0,174036.5,Run,1
0,172867.265625,Run,1
0,171698.03125,Run,1
0,170528.8125,Run,1
0,169359.5625,Dash,1
0,168190.34375,Run,1
0,165551.84375,Run,1
1,163647.84375,Run,1
1,162000.890625,Run,1
1,160433.171875,Run,1
1,160045.625,Jump,1
1,159684.53125,Run,1
1,159349.890625,Run,1
1,159041.71875,Blast,1
1,158759.96875,Run,1
1,158504.703125,Run,1
1,157333.25,Jump,1
-1,156241.0625,Run,1
-2,155912.71875,Run,1
-2,154985.75,Run,1
-2,151581.046875,Run,1
-2,149919.953125,Dash,1
-1,148358.765625,Run,1
1,147773.515625,Run,1
1,147267.625,Run,1
1,147697.1875,Run,1
1,148186.109375,Dash,1
1,148733.96875,Jump,1
1,149340.96875,Run,1
-1,147653.25,Run,1
-1,146896.71875,Run,1
-1,146251.4375,Run,1
1,145748.21875,Run,1
-2,145366.703125,Run,1
-2,144335.125,Run,1
-2,143446.15625,Run,1
-2,142700.109375,Run,1
-2,141957.203125,Run,1
-2,141240.640625,Run,1
-2,140562.890625,Run,1
-2,139932.140625,Run,1
-2,139363.578125,Run,1
-2,138112.703125,Run,1
-2,134974.703125,Run,1
-1,133667.234375,Run,1
1,133146.59375,Run,1
1,132703.515625,Run,1
1,133007.828125,Run,1
1,133412.453125,Run,1
1,133934.375,Run,1
-1,134842.546875,Run,1
-1,135502.71875,Run,1
-1,136382.28125,Run,1
-1,137419.640625,Run,1
1,138116.9375,Run,1
-2,135665.984375,Run,1
-2,135022.015625,Run,1
-2,134308.9375,Dash,1
-1,133631.453125,Run,1
-1,132271.625,Run,1
1,130911.8046875,Melee,1
1,129551.984375,Melee,1
1,128773.578125,Melee,1
1,127942.3984375,Melee,1
-2,127058.4375,Run,1
-2,126121.703125,Run,1
-2,125132.1875,Run,1
-2,124089.8984375,Melee,1
8,122994.828125,Run,1
8,121846.984375,Run,1
8,120649.1875,Run,1
8,119395.984375,Run,1
8,120434.171875,Run,1
8,121208.484375,Run,1
8,122063.609375,Run,1
8,123000.1171875,Run,1
8,124017.296875,Run,1
8,124712.5625,Run,1
8,125469.2890625,Run,1
8,125647.3359375,Run,1
8,125810.953125,Jump,1
8,124051.5390625,Jump,1
8,122968.0,Jump,1
8,121629.171875,Jump,1
8,120328.8046875,Jump,1
8,119259.40625,Jump,1
8,117896.8515625,Jump,1
8,116203.0859375,Jump,1
8,114609.0859375,Jump,1
8,113075.625,Jump,1
8,111581.96875,Jump,1
8,110138.9140625,Jump,1
8,108753.203125,Jump,1
8,107429.3828125,Jump,1
8,106170.125,Jump,1
8,104977.40625,Jump,1
8,103852.4375,Jump,1
8,102796.09375,Jump,1
8,101808.7890625,Jump,1
1,101366.0390625,Jump,1
1,100994.59375,Run,1
1,100219.0625,Run,1
-1,99736.2265625,Run,1
8,99808.03125,Run,1
8,99950.78125,Run,1
8,100641.046875,Run,1
8,101410.765625,Run,1
8,102259.7265625,Run,1
8,103196.609375,Run,1
8,104221.328125,Run,1
8,105334.25,Run,1
8,106057.7421875,Run,1
8,106868.296875,Run,1
8,107286.109375,Run,1
8,107778.203125,Run,1
8,108344.4140625,Melee,1
8,108975.34375,Melee,1
8,109658.3046875,Melee,1
8,110420.5,Melee,1
8,111261.9375,Burst,1
8,112664.3671875,Melee,1
8,114627.78125,Melee,1
8,116670.4453125,Melee,1
8,118792.328125,Melee,1
8,120993.4609375,Melee,1
8,123273.875,Run,1
8,125633.453125,Run,1
8,125767.234375,Melee,1
8,125285.46875,Melee,0
8,124164.296875,Melee,0
8,123061.4453125,Melee,0
8,121973.578125,Melee,0
8,120900.5,Burst,0
8,119842.203125,Melee,0
-1,119236.0703125,Melee,0
-1,118629.9375,Melee,0
1,118298.84375,Melee,0
1,118115.7578125,Melee,0
1,117583.3828125,Melee,0
1,117127.6015625,Melee,0
-1,116753.6875,Run,0
1,116887.53125,Run,0
1,117100.59375,Run,0
-2,117821.4140625,Run,0
-2,118621.46875,Burst,0
-2,119500.75,Jump,0
-1,120459.265625,Run,0
-1,119359.2109375,Run,0
8,117964.9765625,Melee,0
8,117790.6328125,Melee,0
8,117695.5390625,Melee,0
8,117251.171875,Melee,-1
8,116886.0546875,Melee,-1
8,116600.1953125,Melee,-1
8,116393.578125,Melee,-1
8,116266.2109375,Melee,-1
8,116218.09375,Melee,-1
8,116249.2265625,Melee,-1
8,116359.6171875,Melee,-1
8,116549.2421875,Burst,-1
8,116818.1328125,Jump,-1
8,116978.890625,Run,-1
8,116978.890625,Run,-1
8,117407.5,Melee,-2
8,117835.5078125,Melee,-2
8,118264.40625,Melee,-2
8,118692.9296875,Melee,-2
8,119121.453125,Melee,-2
8,119549.96875,Melee,-2
8,119978.3359375,Run,-2
8,120406.984375,Run,-2
8,120835.484375,Run,-2
8,121264.0,Run,-2
8,121692.5234375,Run,-2
8,122121.0390625,Melee,-2
8,122549.625,Melee,-2
8,122978.125,Melee,-2
8,123406.640625,Melee,-2
8,123835.15625,Melee,-2
1,123835.15625,Melee,-2
-2,123835.15625,Melee,-2
-2,124263.6796875,Melee,-2
-2,124689.5,Melee,-2
-2,125118.015625,Melee,-2
-2,125546.5390625,Run,-2
-2,125975.0625,Run,-2
-2,126403.578125,Run,-2
-2,126832.09375,Run,-2
-2,127260.6171875,Run,-2
-2,127689.1328125,Dash,-2
5,128117.65625,Dash,-2
5,128117.65625,Dash,-2
5,128117.65625,Dash,-2
5,128117.65625,Dash,-2
5,128117.65625,Dash,-2
5,128117.65625,Dash,-2
5,128117.65625,Dash,-2
5,128117.65625,Dash,-2
5,128117.65625,Dash,-2
5,128117.65625,Dash,-2
5,129820.5390625,Dash,-2
1,131502.609375,Dash,-2
1,133205.5,Run,-2
1,134371.609375,Burst,-2
1,135487.640625,Burst,-2
1,136550.890625,Burst,-2
-1,137561.375,Run,-2
5,139158.6875,Run,-2
5,140756.015625,Burst,-3
5,142353.34375,Burst,-3
5,143950.671875,Burst,-3
5,145548.0,Burst,-3
0,144734.6875,Burst,-2
0,143921.5,Jump,-2
0,143108.3125,Jump,-2
0,142295.125,Jump,-2
0,141481.9375,Jump,-2
0,140668.75,Jump,-2
0,139855.546875,Jump,-2
1,139481.625,Jump,-2
1,140041.9375,Run,-2
1,140681.484375,Run,-2
3,141400.25,Run,-2
3,143361.265625,Run,-2
3,145322.265625,Run,-2
3,147615.96875,Run,-2
3,149947.890625,Melee,-2
3,152318.09375,Melee,-2
3,154726.578125,Melee,-2
3,157173.328125,Melee,-2
3,159658.359375,Melee,-2
-3,162181.65625,Melee,-2
-3,164251.40625,Melee,-2
-3,166279.34375,Jump,-2
-3,168384.59375,Melee,-2
-1,170567.15625,Melee,-2
-1,171604.1875,Melee,-2
-1,172797.53125,Run,-2
-1,174148.15625,Run,-2
-1,175657.34375,Run,-2
-1,176930.78125,Run,-2
-1,178203.796875,Run,-2
-1,179556.078125,Run,-2
-2,180567.65625,Jump,-2
-2,181365.1875,Run,-2
-2,182162.71875,Run,-2
-2,182960.265625,Run,-2
-2,183757.8125,Run,-2
-2,184555.34375,Run,-2
-1,185352.890625,Run,-2
-1,185352.890625,Run,-2
1,185352.890625,Run,-2
1,185352.890625,Blast,-2
1,184555.34375,Dash,-2
-2,183757.8125,Jump,-2
-2,183757.8125,Jump,-2
-2,183757.8125,Jump,-2
-2,183757.8125,Jump,-2
-2,183757.8125,Jump,-3
-2,183757.8125,Jump,-3
-2,183757.8125,Jump,-3
-2,183757.8125,Jump,-3
-2,183757.8125,Jump,-3
-2,184555.4375,Jump,-3
-2,185350.390625,Jump,-3
-2,186150.0,Jump,-3
-2,186947.53125,Jump,-3
-2,187745.0625,Jump,-3
-2,188542.59375,Jump,-3
-2,189338.1875,Jump,-3
-2,190137.296875,Run,-3
-2,190934.8125,Run,-3
-2,189811.625,Run,-3
-2,191582.375,Dash,-3
1,192634.375,Run,-3
-2,195673.21875,Run,-3
-2,199582.265625,Run,-3
-2,203543.96875,Run,-3
-2,207558.3125,Run,-3
-2,211625.3125,Run,-3
-2,215744.953125,Run,-3
-3,219917.25,Dash,-3
-3,225819.734375,Dash,-3
-3,231860.75,Dash,-3
-3,238040.34375,Dash,-3
-3,244358.5,Dash,-3
-3,250815.1875,Dash,-3
-3,257410.4375,Dash,-3
-3,261929.09375,Dash,-3
-3,266582.9375,Dash,-3
-3,271371.84375,Dash,-3
-3,276295.4375,Dash,-3
-3,281353.28125,Dash,-3
-3,286544.8125,Dash,-3
1,288613.8125,Dash,-3
-2,290136.46875,Run,-3
-2,292920.53125,Run,-3
-2,293822.6875,Dash,-3
-1,296460.46875,Run,-3
-1,297916.875,Run,-3
-1,299452.03125,Run,-3
-1,301066.28125,Run,-3
1,302759.625,Dash,-3
1,304532.4375,Run,-3
1,305055.5,Dash,-3
1,305638.90625,Burst,-3
-5,306282.9375,Burst,-3
-5,305743.0625,Jump,-3
-5,305743.0625,Jump,-3
-5,305743.0625,Jump,-3
-5,305743.0625,Jump,-3
-5,305743.0625,Jump,-3
-5,305743.0625,Jump,-3
-5,305743.0625,Jump,-3
-5,305743.0625,Jump,-3
-5,305743.0625,Jump,-3
-5,305743.0625,Jump,-3
-5,305743.0625,Jump,-3
-5,305743.0625,Jump,-3
-5,305743.0625,Jump,-3
-5,305743.0625,Jump,-3
-5,305743.0625,Jump,-3
-5,305743.0625,Jump,-3
-5,305743.0625,Jump,-3
-5,305743.0625,Jump,-3
-5,305743.0625,Jump,-3
-5,305743.0625,Jump,-3
-5,305743.0625,Jump,-3
-5,305743.0625,Jump,-3
-5,305743.0625,Jump,-3
-5,305743.0625,Jump,-3
-5,305743.0625,Jump,-3
-5,305743.0625,Jump,-3
-5,305743.0625,Jump,-3
-5,305743.0625,Jump,-3
-5,305743.0625,Jump,-3
-5,305743.0625,Jump,-3
-5,305743.0625,Jump,-3
-5,305370.46875,Jump,-3
-5,305057.46875,Jump,-3
-5,304778.5,Jump,-3
-5,304508.6875,Jump,-3
-5,304228.28125,Jump,-3
-5,303926.0625,Jump,-3
-5,303599.375,Jump,-3
-5,303252.375,Jump,-3
-5,302893.0,Jump,-3
-5,302530.78125,Jump,-3
-5,302175.375,Jump,-3
-5,301835.78125,Jump,-3
-5,301520.0625,Jump,-3
-5,301235.1875,Jump,-3
-5,300987.28125,Jump,-3
-5,300781.53125,Jump,-3
-5,300622.4375,Jump,-3
-5,300513.84375,Jump,-3
1,300459.0625,Jump,-3
1,300460.96875,Run,-3
1,301990.21875,Run,-3
1,303799.5,Run,-3
1,305679.4375,Dash,-3
1,307687.75,Run,-3
1,310339.625,Run,-3
3,313006.4375,Run,-3
-3,318131.875,Run,-3
-3,323296.5625,Run,-3
-3,328500.5625,Run,-3
-3,333743.84375,Run,-3
-3,339026.4375,Run,-3
-3,344348.28125,Run,-3
-3,349709.4375,Run,-3
-3,355109.84375,Run,-3
-3,360549.5625,Dash,-3
-3,366028.5625,Run,-3
-3,371546.875,Dash,-3
-3,377129.0,Run,-3
1,378703.125,Run,-3
-1,380403.0,Run,-3
1,382225.125,Run,-3
1,384119.15625,Run,-3
1,384468.4375,Dash,-3
1,384877.40625,Dash,-3
1,385348.09375,Jump,-3
1,385860.15625,Run,-3
1,386413.59375,Jump,-3
1,387008.21875,Dash,-3
1,387643.9375,Dash,-3
1,388320.375,Run,-3
1,389037.15625,Burst,-3
1,389793.71875,Dash,-3
0,390598.65625,Dash,-2
0,391403.59375,Dash,-2
0,392208.53125,Dash,-2
0,393013.46875,Dash,-2
-2,393818.40625,Dash,-2
1,393979.375,Dash,-2
1,392294.1875,Run,-2
1,390608.96875,Run,-2
1,388923.78125,Jump,-2
1,387238.5625,Run,-1
1,385553.375,Run,-1
1,383868.15625,Run,-1
1,382182.96875,Run,-1
1,380497.75,Dash,-1
1,378812.5625,Melee,-1
1,377127.34375,Melee,-2
-1,374123.0,Melee,-2
-1,372803.84375,Melee,-2
-1,371484.71875,Melee,-2
-1,370165.5625,Dash,-2
-1,368846.4375,Run,-2
-1,367527.25,Run,-2
-1,366208.125,Run,-2
-1,365261.25,Run,-2
-1,364895.875,Run,-2
1,364579.5625,Run,-2
1,364317.71875,Run,-2
1,362437.15625,Run,-2
1,360615.15625,Run,-2
1,358852.1875,Run,-2
1,357088.21875,Run,-2
1,355328.90625,Run,-2
1,353579.21875,Run,-2
1,351843.75,Run,-2
1,350126.375,Run,-2
1,348430.625,Run,-2
1,346759.4375,Run,-2
1,345115.40625,Run,-2
1,343500.6875,Dash,-2
1,341917.0,Run,-2
1,336082.90625,Run,-2
1,330301.5625,Run,-2
1,324573.0,Run,-2
1,318897.25,Blast,-2
1,313274.25,Run,-2
1,307704.03125,Run,-2
1,302186.59375,Run,-2
1,296721.9375,Run,-2
3,291310.03125,Run,-2
3,283651.5,Run,-2
3,276131.84375,Run,-2
3,268751.09375,Run,-2
3,261509.21875,Run,-2
3,258668.3125,Run,-2
3,255749.015625,Run,-2
3,252757.1875,Run,-2
3,249695.40625,Run,-2
3,246570.1875,Run,-2
-3,243391.34375,Run,-2
-3,240171.40625,Run,-2
-3,236924.5625,Run,-2
1,237168.5,Run,-2
-2,237390.515625,Run,-2
-2,236278.84375,Run,-2
-2,235256.8125,Run,-2
-2,234322.421875,Run,-2
-2,233438.515625,Run,-2
-2,232604.328125,Run,-2
-1,231818.96875,Run,-2
1,232364.5625,Run,-2
1,232942.234375,Dash,-2
0,232760.875,Run,-1
0,232637.671875,Run,-1
0,232569.703125,Run,-1
0,232541.25,Run,-2
0,232096.75,Run,-2
0,231643.421875,Run,-2
0,231181.21875,Run,-2
1,231344.9375,Run,-2
1,232943.515625,Run,-2
1,234556.28125,Dash,-2
1,236183.21875,Jump,-2
1,237191.125,Run,-2
1,237080.28125,Burst,-2
1,237058.6875,Burst,-1
1,238333.09375,Dash,-1
1,239607.5,Run,-1
-2,240881.921875,Dash,-2
-2,240881.921875,Dash,-2
-2,240881.921875,Melee,-2
-2,240881.921875,Melee,-2
-2,240881.921875,Melee,-2
-2,240881.921875,Melee,-2
-2,240881.921875,Melee,-2
-2,240881.921875,Melee,-2
-2,239605.90625,Burst,-2
-2,240878.375,Melee,-2
-2,242155.15625,Dash,-2
-2,243429.5625,Dash,-2
-2,244703.984375,Melee,-2
-2,245978.390625,Melee,-2
-2,247250.0,Melee,-2
-2,248526.375,Melee,-2
-2,249800.765625,Melee,-2
-2,249800.765625,Burst,-2
-2,248526.34375,Burst,-2
1,248526.34375,Melee,-2
-2,248526.34375,Burst,-2
-2,247251.9375,Burst,-2
-1,245977.53125,Burst,-2
1,245977.53125,Burst,-2
1,245977.53125,Melee,-2
3,247251.9375,Melee,-2
3,250605.671875,Melee,-2
3,253959.390625,Melee,-2
3,257313.125,Melee,-2
-3,260746.078125,Melee,-2
-3,264258.28125,Melee,-2
-3,267849.6875,Melee,-2
-3,271520.375,Melee,-2
-3,275270.25,Melee,-2
-3,279099.375,Melee,-2
-3,283007.75,Melee,-2
-3,286995.34375,Melee,-2
-3,291062.1875,Melee,-2
-1,291854.5,Melee,-2
-1,292726.09375,Run,-2
-1,293676.875,Run,-2
-1,294706.9375,Run,-2
-1,295675.375,Run,-2
-1,295675.375,Run,-2
-1,295675.375,Run,-2
1,295675.375,Run,-2
1,295675.375,Dash,-2
1,294400.9375,Dash,-2
1,293126.53125,Burst,-2
1,291852.125,Dash,-2
1,290577.6875,Dash,-2
1,289303.3125,Run,-2
1,288028.875,Run,-2
1,286754.5,Run,-2
1,285480.0625,Run,-2
1,284205.65625,Dash,-2
8,282931.25,Dash,-2
8,281656.8125,Dash,-2
8,280381.375,Dash,-2
8,279108.3125,Run,-2
8,281506.59375,Burst,-4
8,283852.09375,Burst,-4
8,286144.8125,Melee,-4
8,288384.21875,Melee,-4
8,290572.28125,Melee,-4
8,292706.65625,Burst,-4
8,294788.25,Melee,-4
8,296817.125,Melee,-4
8,298792.96875,Melee,-4
8,300716.6875,Melee,-4
8,302587.1875,Melee,-4
8,304404.9375,Melee,-4
8,302813.84375,Melee,-4
8,301222.75,Melee,-4
8,301222.75,Run,-4
8,301222.75,Dash,-4
8,301222.75,Run,-4
8,301222.75,Run,-4
8,302814.3125,Burst,-4
8,304405.40625,Run,-4
8,305996.5,Jump,-4
8,307587.5625,Run,-4
8,309178.625,Dash,-4
8,310770.125,Dash,-4
8,312361.1875,Dash,-4
8,313952.25,Jump,-4
8,315543.3125,Jump,-4
1,315543.3125,Run,-4
1,315543.3125,Dash,-4
1,317134.40625,Jump,-4
1,318725.46875,Run,-4
1,320316.5625,Run,-4
1,321907.625,Dash,-4
1,323498.6875,Run,-4
1,325089.78125,Burst,-4
1,326680.875,Run,-4
1,328271.9375,Dash,-4
8,329863.0,Burst,-4
8,331454.0625,Dash,-4
8,333045.15625,Dash,-6
8,334353.3125,Run,-6
8,335761.4375,Run,-6
8,337247.75,Melee,-6
8,338813.28125,Melee,-6
8,340458.0625,Melee,-6
8,340591.0,Melee,-6
8,339212.125,Melee,-6
8,337820.25,Melee,-6
8,336229.15625,Melee,-6
8,334638.09375,Melee,-6
8,334638.09375,Melee,-6
8,336229.15625,Melee,-7
8,337820.25,Melee,-7
8,339411.3125,Melee,-7
8,341002.375,Melee,-7
8,342592.46875,Melee,-7
8,344185.0,Melee,-7
8,345776.03125,Melee,-7
8,347367.09375,Melee,-7
8,348958.1875,Melee,-7
8,350547.5,Melee,-7
8,350547.5,Melee,-7
8,350547.5,Melee,-7
8,352140.59375,Melee,-7
8,353731.65625,Melee,-7
8,355322.71875,Melee,-7
8,356913.8125,Run,-7
8,358502.375,Dash,-7
8,358502.375,Dash,-7
1,358502.375,Melee,-7
1,358502.375,Melee,-7
1,356911.3125,Burst,-7
1,355320.21875,Melee,-7
1,353729.15625,Dash,-7
8,352138.0625,Run,-7
8,350547.0,Run,-7
8,350547.0,Run,-7
8,350547.0,Run,-7
8,350547.0,Run,-7
8,350547.0,Run,-7
8,350547.0,Run,-7
8,350547.0,Run,-7
8,348956.46875,Jump,-7
8,347368.0,Dash,-7
8,345776.9375,Dash,-7
8,345776.9375,Dash,-7
8,345776.9375,Melee,-7
8,345776.9375,Melee,-7
8,345776.9375,Melee,-7
8,345776.9375,Melee,-7
8,345776.9375,Melee,-7
8,345776.9375,Melee,-7
8,345776.9375,Melee,-7
8,345776.9375,Melee,-7
8,345776.9375,Melee,-7
8,345776.9375,Melee,-7
8,345776.9375,Melee,-7
8,345776.9375,Melee,-7
8,345776.9375,Burst,-7
8,345776.9375,Melee,-7
8,345776.9375,Melee,-7
8,345776.9375,Melee,-7
8,345776.9375,Melee,-7
8,345776.9375,Melee,-7
8,345776.9375,Melee,-7
-1,345776.9375,Melee,-7
-1,345776.9375,Melee,-7
-1,345776.9375,Melee,-7
-1,345776.9375,Melee,-7
1,345776.9375,Melee,-7
-2,345776.9375,Melee,-7
-3,344185.84375,Melee,-7
-3,339998.8125,Melee,-7
-3,335811.75,Melee,-7
-3,331624.6875,Melee,-7
-3,327437.625,Melee,-7
-3,323250.5625,Melee,-7
-3,319063.5,Melee,-7
-3,314876.4375,Melee,-7
-3,310689.375,Melee,-7
-3,306502.3125,Melee,-7
-3,302315.25,Melee,-7
-3,298128.21875,Run,-7
-3,293941.15625,Run,-7
1,293941.15625,Run,-7
-2,293941.15625,Run,-7
-2,292350.0625,Dash,-7
-2,290759.0,Run,-7
-2,289167.90625,Run,-7
-2,287576.84375,Run,-7
-2,285985.78125,Run,-7
-2,284394.6875,Run,-7
-2,282803.625,Run,-7
-2,281212.53125,Run,-7
-1,279621.46875,Run,-7
-1,279621.46875,Run,-7
-1,279621.46875,Dash,-7
-1,279621.46875,Run,-7
-1,279621.46875,Run,-7
-1,279621.46875,Run,-7
-1,279621.46875,Run,-7
-1,279621.46875,Dash,-7
-1,279621.46875,Run,-7
-1,279621.46875,Run,-7
-1,279621.46875,Run,-7
-1,279621.46875,Run,-7
-1,279621.46875,Run,-7
-1,279621.46875,Run,-7
-1,279621.46875,Run,-7
-1,279621.46875,Run,-7
-1,279621.46875,Run,-7
-1,279621.46875,Run,-7
-1,279621.46875,Run,-7
-1,279621.46875,Run,-7
-1,279621.46875,Run,-7
-1,279621.46875,Run,-7
-1,279621.46875,Dash,-7
-1,279621.46875,Run,-7
-1,279621.46875,Run,-7
-1,279621.46875,Dash,-7
-1,279621.46875,Run,-7
-1,279621.46875,Run,-7
-1,279621.46875,Run,-7
-1,279621.46875,Dash,-7
-1,279621.46875,Run,-7
-1,279621.46875,Dash,-7
-1,279621.46875,Dash,-7
-1,279621.46875,Run,-7
-1,279621.46875,Run,-7
-1,279621.46875,Run,-7
-1,279621.46875,Run,-7
-1,279621.46875,Run,-7
-1,279621.46875,Dash,-7
-1,279621.46875,Run,-7
-1,279621.46875,Run,-7
-1,279621.46875,Run,-7
-1,279621.46875,Dash,-7
-1,279621.46875,Run,-7
-1,279621.46875,Run,-7
-1,279621.46875,Run,-7
-1,279621.46875,Run,-7
-1,279621.46875,Run,-7
-1,279621.46875,Run,-7
-1,279621.46875,Run,-7
-1,279621.46875,Dash,-7
-1,279621.46875,Run,-7
-1,279621.46875,Run,-7
-1,279621.46875,Dash,-7
-1,279621.46875,Run,-7
-1,279621.46875,Blast,-7
-1,279621.46875,Run,-7
-1,279621.46875,Dash,-7
-1,279621.46875,Run,-7
-1,279621.46875,Run,-7
-1,279621.46875,Run,-7
-1,279621.46875,Run,-7
-1,279621.46875,Run,-7
-1,279621.46875,Run,-7
-1,279621.46875,Run,-7
-1,279621.46875,Run,-7
-1,279621.46875,Run,-7
-1,279621.46875,Run,-7
-1,279621.46875,Run,-7
-1,279621.46875,Run,-7
-1,279621.46875,Run,-7
-1,279621.46875,Run,-7
-1,279621.46875,Run,-7
-1,279621.46875,Run,-7
-1,279621.46875,Run,-7
-1,279621.46875,Run,-7
-1,279621.46875,Run,-7
-1,279621.46875,Run,-7
-1,279621.46875,Run,-7
-1,279621.46875,Dash,-7
-1,279621.46875,Run,-7
-1,279621.46875,Dash,-7
-1,279621.46875,Run,-7
-1,279621.46875,Dash,-7
-1,279621.46875,Run,-7
-1,279621.46875,Run,-7
-1,279621.46875,Run,-7
-1,279621.46875,Run,-7
-1,279621.46875,Run,-7
-1,279621.46875,Run,-7
-1,279621.46875,Dash,-7
-1,279621.46875,Run,-7
-1,279621.46875,Dash,-7
-1,279621.46875,Run,-7
-1,279621.46875,Run,-7
-1,279621.46875,Run,-7
-1,279621.46875,Run,-7
-1,279621.46875,Dash,-7
-1,279621.46875,Run,-7
-1,279621.46875,Run,-7
-1,279621.46875,Dash,-7
-1,279621.46875,Run,-7
-1,279621.46875,Run,-7
-1,279621.46875,Run,-7
-1,279621.46875,Run,-7
-1,279621.46875,Run,-7
-1,279621.46875,Run,-7
-1,279621.46875,Run,-7
-1,279621.46875,Run,-7
-1,279621.46875,Blast,-7
-1,279621.46875,Run,-7
-1,279621.46875,Run,-7
-1,279621.46875,Run,-7
-1,279621.46875,Run,-7
-1,279621.46875,Run,-7
-1,279621.46875,Run,-7
-1,279621.46875,Run,-7
-1,279621.46875,Run,-7
-1,279621.46875,Run,-7
-1,279621.46875,Run,-7
-1,279621.46875,Run,-7
-1,279621.46875,Run,-7
-1,279621.46875,Run,-7
-1,279621.46875,Run,-7
-1,279621.46875,Run,-7
-1,279621.46875,Run,-7
-1,279621.46875,Run,-7
-1,279621.46875,Run,-7
-1,279621.46875,Run,-7
-1,279621.46875,Run,-7
-1,279621.46875,Run,-7
-1,279621.46875,Run,-7
-1,279621.46875,Run,-7
-1,279621.46875,Dash,-7
-1,279621.46875,Run,-7
-1,279621.46875,Run,-7
-1,279621.46875,Run,-7
-1,279621.46875,Run,-7
-1,279621.46875,Run,-7
-1,279621.46875,Run,-7
-1,279621.46875,Dash,-7
-1,279621.46875,Dash,-7
-1,279621.46875,Run,-7
-1,279621.46875,Dash,-7
-1,279621.46875,Run,-7
-1,279621.46875,Run,-7
-1,279621.46875,Run,-7
-1,279621.46875,Run,-7
-1,279621.46875,Run,-7
-1,279621.46875,Run,-7
-1,279621.46875,Run,-7
-1,279621.46875,Run,-7
-1,279621.46875,Run,-7
-1,279621.46875,Run,-7
-1,279621.46875,Dash,-7
-1,279621.46875,Blast,-7
-1,279621.46875,Run,-7
-1,279621.46875,Run,-7
-1,279621.46875,Run,-7
-1,279621.46875,Run,-7
-1,279621.46875,Run,-7
-1,279621.46875,Run,-7
-1,279621.46875,Run,-7
-1,279621.46875,Run,-7
-1,279621.46875,Run,-7
-1,279621.46875,Run,-7
-1,279621.46875,Dash,-7
-1,279621.46875,Run,-7
-1,279621.46875,Run,-7
-1,279621.46875,Run,-7
-1,279621.46875,Blast,-7
-1,279621.46875,Run,-7
-1,279621.46875,Run,-7
-1,279621.46875,Run,-7
-1,279621.46875,Run,-7
-1,279621.46875,Run,-7
-1,279621.46875,Dash,-7
-1,279621.46875,Run,-7
-1,279621.46875,Run,-7
-1,279621.46875,Run,-7
-1,279621.46875,Run,-7
-1,279621.46875,Run,-7
-1,279621.46875,Run,-7
-1,279621.46875,Run,-7
-1,279621.46875,Run,-7
-1,279621.46875,Run,-7
-1,279621.46875,Dash,-7
-1,279621.46875,Dash,-7
-1,279621.46875,Dash,-7
-1,279621.46875,Run,-7
-1,279621.46875,Run,-7
-1,279621.46875,Dash,-7
-1,279621.46875,Run,-7
-1,279621.46875,Run,-7
-1,279621.46875,Run,-7
-1,279621.46875,Run,-7
-1,279621.46875,Run,-7
-1,279621.46875,Run,-7
-1,279621.46875,Run,-7
-1,279621.46875,Run,-7
-1,279621.46875,Run,-7
-1,279621.46875,Run,-7
-1,279621.46875,Run,-7
-1,279621.46875,Run,-7
-1,279621.46875,Dash,-7
-1,279621.46875,Dash,-7
-1,279621.46875,Run,-7
-1,279621.46875,Dash,-7
-1,279621.46875,Run,-7
-1,279621.46875,Run,-7
-1,279621.46875,Run,-7
-1,279621.46875,Run,-7
-1,279621.46875,Run,-7
-1,279621.46875,Run,-7
-1,279621.46875,Run,-7
-1,279621.46875,Dash,-7
-1,279621.46875,Run,-7
-1,214369.0,Run,-7
-1,214369.0,Run,-7
-1,214369.0,Run,-7
-1,214369.0,Run,-7
-1,213751.5,Run,-7
-1,213134.0,Run,-7
-1,212516.484375,Run,-7
-1,211898.984375,Run,-7
-1,211281.46875,Run,-7
-1,210663.96875,Run,-7
-1,210046.46875,Dash,-7
-1,209428.96875,Run,-7
-1,207803.96875,Run,-7
-1,206178.96875,Run,-7
-1,204553.96875,Run,-7
-1,202928.984375,Run,-7
-1,201303.984375,Dash,-7
-1,199678.984375,Run,-7
-1,198053.984375,Run,-7
-1,196428.984375,Run,-7
-1,194803.96875,Run,-7
-1,193178.96875,Run,-7
-1,191553.96875,Run,-7
-1,189928.96875,Run,-7
-1,189928.96875,Run,-7
-1,188006.015625,Run,-7
-1,187206.40625,Run,-7
-1,186486.078125,Run,-7
-1,185845.03125,Run,-7
-1,185283.25,Dash,-7
-1,184800.71875,Run,-7
-1,184397.40625,Run,-7
1,184073.3125,Run,-7
-2,183828.40625,Run,-7
-2,182300.46875,Run,-7
-2,180850.875,Run,-7
-2,179069.71875,Run,-7
-2,177150.15625,Run,-7
-2,175250.65625,Run,-7
-2,173371.21875,Run,-7
-2,171511.8125,Dash,-7
-2,169672.5,Run,-7
-2,169135.21875,Run,-7
-2,168597.9375,Run,-7
-2,168060.65625,Run,-7
-2,167523.375,Run,-7
-2,166986.109375,Run,-7
-2,166448.84375,Run,-7
-2,165911.5625,Run,-7
-2,166586.0625,Dash,-7
-2,167240.546875,Jump,-7
-2,166949.84375,Jump,-7
-2,166605.75,Dash,-7
-2,166208.90625,Run,-7
-2,165759.28125,Dash,-7
-2,165256.890625,Run,-7
-2,164702.34375,Run,-7
-2,164094.359375,Burst,-7
-2,163433.609375,Burst,-7
-2,162720.078125,Dash,-7
1,161015.875,Dash,-7
1,159311.6875,Dash,-7
-2,158489.921875,Run,-7
-2,158489.921875,Run,-7
-2,158489.921875,Run,-7
-2,157832.3125,Run,-8
-2,158052.171875,Run,-8
-2,158272.0,Run,-8
-2,158491.828125,Run,-8
-2,158711.65625,Run,-8
-2,158931.5,Run,-8
-2,160071.296875,Run,-8
-2,161225.328125,Run,-8
-2,161988.75,Jump,-8
-2,162036.390625,Run,-8
-2,160349.0,Run,-8
-2,159473.4375,Run,-8
-2,158681.71875,Run,-8
-2,157974.84375,Run,-8
-2,157350.453125,Run,-8
-2,156808.078125,Run,-8
-2,156347.140625,Run,-8
-1,155966.765625,Run,-9
-1,155665.875,Run,-9
-1,155443.078125,Melee,-9
-1,155296.671875,Melee,-9
-1,155906.765625,Melee,-9
-1,156596.09375,Melee,-9
-2,157364.65625,Melee,-9
-2,157781.921875,Melee,-10
-2,157781.921875,Melee,-10
-2,157781.921875,Melee,-10
-2,157781.921875,Melee,-10
-2,157781.921875,Melee,-10
-2,157781.921875,Burst,-10
-2,157781.921875,Melee,-10
-2,157781.921875,Melee,-10
-2,157781.921875,Melee,-10
-2,157781.921875,Melee,-10
-2,157781.921875,Melee,-10
-2,157781.921875,Melee,-10
-2,157781.921875,Melee,-10
-2,157781.921875,Melee,-10
-2,157781.921875,Melee,-10
-2,157781.921875,Melee,-10
-2,157781.921875,Melee,-10
-2,157781.921875,Burst,-10
-1,157781.921875,Melee,-10
-1,157781.921875,Melee,-10
-1,157781.921875,Melee,-10
-1,157781.921875,Burst,-10
-1,157781.921875,Melee,-10
1,157781.921875,Melee,-10
1,157781.921875,Melee,-10
8,158593.96875,Melee,-10
8,159406.0,Melee,-10
8,160218.046875,Melee,-11
8,161321.390625,Melee,-11
8,162436.78125,Melee,-11
8,162732.671875,Melee,-11
8,163028.578125,Melee,-11
8,163324.46875,Melee,-11
8,163620.359375,Burst,-11
8,163916.25,Melee,-11
8,163765.390625,Melee,-11
8,163582.0625,Melee,-11
8,163477.984375,Melee,-11
8,163453.125,Melee,-11
8,163507.5,Burst,-11
8,163641.109375,Melee,-11
8,163853.953125,Melee,-11
8,164146.03125,Melee,-11
8,164517.328125,Melee,-11
8,165833.375,Melee,-11
8,167228.46875,Melee,-11
8,167597.203125,Melee,-11
8,167597.203125,Melee,-11
8,167597.203125,Melee,-11
8,167597.203125,Melee,-11
8,167597.203125,Melee,-11
8,167597.203125,Melee,-11
8,167597.203125,Melee,-11
8,167597.203125,Melee,-11
8,168462.515625,Burst,-11
8,169327.828125,Burst,-11
8,170193.140625,Burst,-11
1,170193.140625,Melee,-11
1,170193.140625,Melee,-11
1,171058.453125,Melee,-11
1,171923.765625,Melee,-11
1,172789.0625,Melee,-11
8,173654.375,Melee,-11
8,174519.6875,Run,-11
8,175384.8125,Dash,-11
8,176250.390625,Dash,-11
8,177115.6875,Dash,-11
8,175617.0625,Melee,-11
8,174065.65625,Melee,-11
8,171656.40625,Burst,-11
8,169266.09375,Burst,-11
8,166139.9375,Run,-11
8,163069.03125,Jump,-11
8,160050.890625,Run,-11
8,157085.53125,Run,-11
8,154171.546875,Jump,-11
8,151313.3125,Dash,-11
8,149081.3125,Dash,-11
8,147397.921875,Dash,-11
8,147946.359375,Dash,-11
8,148495.25,Dash,-11
8,149932.171875,Blast,-11
8,151389.140625,Run,-11
8,151957.84375,Run,-11
8,151957.84375,Run,-11
8,151957.84375,Dash,-11
8,151389.140625,Dash,-11
0,151544.65625,Burst,-10
0,151699.96875,Run,-10
0,151855.296875,Dash,-10
0,152010.625,Run,-10
0,152165.953125,Dash,-10
0,152321.265625,Run,-10
0,152476.59375,Run,-10
1,152296.6875,Run,-10
1,152112.1875,Blast,-10
-1,152006.9375,Jump,-10
-1,152549.609375,Jump,-10
-1,153171.5,Jump,-10
-1,153872.640625,Jump,-10
-1,154653.0,Run,-10
-1,155512.59375,Run,-10
-1,156451.4375,Run,-10
-3,157469.5,Blast,-10
-3,160013.265625,Run,-10
-3,161536.21875,Run,-10
-3,163059.15625,Dash,-10
-3,164582.109375,Run,-10
-3,166105.0625,Run,-10
-3,167628.0,Run,-10
-3,169150.9375,Run,-10
-3,170673.890625,Run,-10
-3,172196.84375,Run,-10
-3,173719.78125,Run,-10
-3,175242.734375,Run,-10
-3,176765.6875,Run,-10
-1,178288.625,Run,-10
-1,178946.578125,Run,-10
1,179683.75,Run,-10
1,179921.453125,Run,-10
1,180238.375,Jump,-10
1,179785.375,Run,-10
-2,179206.65625,Burst,-10
0,179369.4375,Run,-9
0,179532.046875,Run,-9
0,179694.65625,Run,-9
0,179857.28125,Run,-9
0,180019.875,Run,-9
0,180182.5,Run,-9
0,180345.09375,Run,-9
-2,180166.5625,Dash,-9
-2,180159.1875,Dash,-9
-2,180151.8125,Dash,-9
-2,180144.4375,Run,-9
-2,180137.046875,Run,-9
-2,180129.65625,Run,-9
-2,180122.28125,Run,-9
-2,180114.90625,Run,-9
-2,180765.46875,Run,-9
-2,181495.28125,Run,-9
-2,182304.3125,Run,-9
-2,183192.5625,Run,-9
-2,184160.0625,Run,-9
-2,185206.78125,Blast,-10
-2,184971.28125,Run,-10
-2,184169.71875,Run,-10
-2,183357.609375,Run,-10
-2,182530.71875,Run,-10
-2,181689.1875,Run,-10
1,180298.328125,Run,-10
-2,178907.5,Run,-10
-2,178943.0625,Blast,-10
-2,180830.4375,Run,-10
-2,181344.71875,Run,-10
-1,181938.21875,Run,-10
-1,182075.4375,Run,-10
-1,182291.875,Run,-10
1,182587.546875,Run,-10
1,182962.453125,Run,-10
1,182881.0625,Burst,-10
1,182878.890625,Run,-10
1,182620.9375,Jump,-10
1,182085.40625,Run,-10
1,181549.875,Jump,-10
1,181014.328125,Dash,-10
1,180478.78125,Run,-10
1,179943.25,Jump,-10
1,179407.71875,Run,-10
1,178872.171875,Run,-10
1,178333.9375,Run,-10
-5,177798.40625,Dash,-10
-5,177584.1875,Run,-10
-5,181384.296875,Run,-10
1,185184.40625,Dash,-10
1,188984.53125,Dash,-10
1,192143.53125,Burst,-10
1,195249.78125,Run,-10
1,198303.25,Dash,-10
1,201303.9375,Dash,-10
1,204251.84375,Jump,-10
1,207146.96875,Run,-10
-1,209989.3125,Run,-10
-1,213604.703125,Run,-10
-1,217220.09375,Run,-10
-1,217220.09375,Run,-10
-1,217220.09375,Run,-10
-1,218593.9375,Run,-10
-1,219947.84375,Run,-11
-1,219492.40625,Run,-11
-1,219036.84375,Run,-11
1,218581.28125,Run,-11
-2,218123.03125,Run,-11
-2,218523.109375,Run,-11
-2,218916.53125,Run,-11
-2,219303.296875,Run,-11
-2,220152.28125,Run,-11
-2,221001.265625,Run,-11
-2,223284.25,Run,-11
-2,225587.3125,Run,-11
-2,227910.40625,Run,-11
-2,230253.5625,Run,-11
-3,232616.78125,Run,-11
-3,236483.40625,Run,-11
-3,240402.84375,Run,-11
-3,244375.0,Run,-11
-3,248399.96875,Run,-11
-3,252477.71875,Dash,-11
-3,256608.21875,Run,-11
-3,260791.5,Run,-11
-3,265027.59375,Run,-11
-3,269316.40625,Run,-11
-3,273658.03125,Dash,-11
-3,278052.4375,Blast,-11
-3,285421.4375,Run,-11
1,290134.0625,Run,-11
-2,294846.6875,Dash,-11
-2,300674.28125,Run,-11
-2,306554.6875,Run,-11
-2,312487.84375,Run,-11
-2,318473.78125,Run,-11
-2,324512.5,Run,-11
-2,330604.03125,Run,-11
-2,336748.28125,Run,-11
-2,342945.34375,Run,-11
-1,349195.1875,Run,-11
1,349195.1875,Run,-11
1,349195.1875,Run,-11
1,349740.09375,Jump,-11
1,350264.9375,Run,-11
1,348918.78125,Run,-11
1,347572.625,Burst,-11
1,346155.8125,Dash,-11
-5,344799.625,Dash,-11
-5,344257.125,Dash,-11
-5,344257.125,Run,-11
-5,344257.125,Run,-11
-5,344257.125,Run,-11
-5,344257.125,Run,-11
-5,344257.125,Run,-11
-5,344257.125,Run,-11
-5,344257.125,Run,-11
-5,344257.125,Run,-11
-5,344257.125,Run,-11
-5,344257.125,Run,-11
-5,344257.125,Run,-11
-5,344257.125,Run,-11
-5,344257.125,Run,-11
-5,344257.125,Dash,-11
-5,344257.125,Run,-11
-5,344257.125,Run,-11
-5,344257.125,Run,-11
-5,344257.125,Dash,-11
-5,344257.125,Run,-11
-5,344257.125,Dash,-11
-5,344257.125,Run,-11
-5,344257.125,Run,-11
-5,344257.125,Run,-11
-5,344257.125,Dash,-11
-5,344257.125,Run,-11
-5,344257.125,Run,-11
-5,344257.125,Run,-11
-5,344257.125,Dash,-11
-5,344257.125,Run,-11
-5,349034.0,Dash,-11
-5,353810.875,Run,-11
-5,358587.75,Run,-11
-5,363364.625,Run,-11
-5,368141.5,Run,-11
-5,372918.375,Run,-11
-5,377695.25,Run,-11
-5,382472.125,Run,-11
-5,387249.0,Run,-11
-5,392025.875,Run,-11
-5,396802.6875,Run,-11
-5,401579.5625,Run,-11
-5,406356.4375,Run,-13
-5,405991.53125,Melee,-13
-5,405705.84375,Melee,-13
-5,405499.375,Melee,-13
-5,405372.125,Melee,-13
-5,405324.125,Melee,-13
1,405355.375,Burst,-13
-2,405465.8125,Burst,-13
-3,407354.4375,Burst,-13
-3,412094.1875,Burst,-13
-3,416913.1875,Burst,-13
-3,421811.4375,Burst,-13
-3,426788.875,Burst,-13
-3,431845.5625,Burst,-13
-3,436804.84375,Burst,-13
-3,441275.6875,Burst,-13
-3,445746.53125,Burst,-13
-3,450217.375,Run,-13
-3,454688.21875,Run,-13
-3,459159.0625,Run,-13
-3,463629.90625,Run,-13
1,463629.90625,Run,-13
-2,463629.90625,Run,-13
-2,465328.84375,Run,-13
-2,467027.78125,Run,-13
-2,468726.71875,Run,-13
-2,470425.65625,Run,-13
-2,472124.59375,Run,-13
-2,473823.53125,Run,-13
-2,475522.46875,Run,-13
-2,477221.40625,Dash,-13
-2,478920.34375,Run,-13
-1,480619.28125,Run,-13
-1,480416.1875,Run,-13
-1,480292.375,Jump,-13
-1,480247.84375,Run,-13
-1,480282.5625,Jump,-13
-1,480396.5,Run,-13
-1,480589.71875,Jump,-13
-1,480862.15625,Run,-13
-1,481213.84375,Run,-13
-1,482785.96875,Run,-13
-1,484437.375,Run,-13
-1,485222.96875,Run,-13
-1,485645.625,Run,-13
-1,486068.3125,Dash,-13
-1,486490.96875,Run,-13
-1,486913.625,Run,-13
-1,487336.3125,Run,-13
-1,487758.96875,Run,-13
1,488181.625,Run,-13
1,488604.28125,Jump,-13
1,489106.1875,Blast,-13
1,489687.375,Jump,-13
1,490347.78125,Run,-13
1,491087.4375,Jump,-13
1,491906.34375,Jump,-13
1,492804.5,Run,-13
1,493781.9375,Run,-13
1,494838.59375,Run,-13
1,495974.5,Jump,-13
1,497189.65625,Jump,-13
-1,497993.59375,Run,-13
-1,497993.59375,Dash,-13
-1,497993.59375,Run,-13
-1,497993.59375,Run,-13
-1,497993.59375,Run,-13
-1,497993.59375,Run,-13
-1,497993.59375,Run,-13
-1,497993.59375,Run,-13
-1,497993.59375,Run,-13
-1,497993.59375,Run,-13
-1,497993.59375,Run,-13
-1,497993.59375,Run,-13
-1,497993.59375,Run,-13
-1,497993.59375,Run,-13
-1,497993.59375,Run,-13
-1,497993.59375,Dash,-13
-1,497993.59375,Run,-13
-1,497993.59375,Run,-13
-1,497993.59375,Run,-13
-1,497993.59375,Run,-13
-1,497993.59375,Run,-13
-1,497993.59375,Run,-13
-1,497993.59375,Run,-13
-1,497993.59375,Run,-13
-1,497993.59375,Run,-13
-1,497993.59375,Run,-13
-1,497993.59375,Run,-13
-1,497993.59375,Run,-13
-1,497993.59375,Run,-13
-1,497993.59375,Run,-13
-1,497993.59375,Run,-13
-1,497993.59375,Run,-13
-1,497993.59375,Run,-13
-1,497993.59375,Run,-13
-1,497993.59375,Run,-13
-1,497993.59375,Run,-13
-1,497993.59375,Dash,-13
-1,497993.59375,Run,-13
-1,497993.59375,Run,-13
-1,497993.59375,Run,-13
-1,497993.59375,Dash,-13
-1,497993.59375,Run,-13
-1,497993.59375,Run,-13
-1,497993.59375,Run,-13
-1,497993.59375,Run,-13
-1,497993.59375,Run,-13
-1,497993.59375,Dash,-13
-1,497993.59375,Dash,-13
-1,497993.59375,Run,-13
-1,497993.59375,Run,-13
-1,497993.59375,Run,-13
-1,497993.59375,Run,-13
-1,497993.59375,Run,-13
-1,497993.59375,Run,-13
-1,497993.59375,Run,-13
-1,497993.59375,Dash,-13
-1,497993.59375,Run,-13
-1,497993.59375,Run,-13
-1,497993.59375,Run,-13
-1,497993.59375,Run,-13
-1,497993.59375,Dash,-13
-1,497993.59375,Run,-13
-1,497993.59375,Dash,-13
-1,497993.59375,Run,-13
-1,497993.59375,Run,-13
-1,497993.59375,Run,-13
-1,497993.59375,Run,-13
-1,497993.59375,Dash,-13
-1,497993.59375,Run,-13
-1,497993.59375,Run,-13
-1,497993.59375,Run,-13
-1,497993.59375,Run,-13
-1,497993.59375,Run,-13
-1,497993.59375,Run,-13
-1,497993.59375,Dash,-13
-1,497993.59375,Blast,-13
-1,497993.59375,Dash,-13
-1,497993.59375,Dash,-13
-1,497993.59375,Run,-13
-1,497993.59375,Run,-13
-1,497993.59375,Run,-13
-1,497993.59375,Run,-13
-1,497993.59375,Dash,-13
-1,497993.59375,Run,-13
-1,497993.59375,Run,-13
-1,497993.59375,Run,-13
-1,497993.59375,Dash,-13
-1,497993.59375,Run,-13
-1,497993.59375,Run,-13
-1,497993.59375,Run,-13
-1,497993.59375,Dash,-13
-1,497993.59375,Run,-13
-1,497993.59375,Run,-13
-1,497993.59375,Dash,-13
-1,497993.59375,Run,-13
-1,497993.59375,Run,-13
-1,497993.59375,Run,-13
-1,497993.59375,Run,-13
-1,497993.59375,Run,-13
-1,497993.59375,Run,-13
-1,497993.59375,Run,-13
-1,497993.59375,Run,-13
-1,497993.59375,Run,-13
-1,497993.59375,Dash,-13
-1,497993.59375,Run,-13
-1,497993.59375,Dash,-13
-1,497993.59375,Run,-13
-1,497993.59375,Run,-13
-1,497993.59375,Run,-13
-1,497993.59375,Dash,-13
-1,497993.59375,Run,-13
-1,497993.59375,Run,-13
-1,497993.59375,Run,-13
-1,497993.59375,Run,-13
-1,497993.59375,Run,-13
-1,497993.59375,Run,-13
-1,497993.59375,Run,-13
-1,497993.59375,Run,-13
-1,497993.59375,Run,-13
-1,497993.59375,Run,-13
-1,497993.59375,Run,-13
-1,497993.59375,Dash,-13
-1,497993.59375,Run,-13
-1,497993.59375,Run,-13
-1,497993.59375,Run,-13
-1,497993.59375,Run,-13
-1,497993.59375,Run,-13
-1,497993.59375,Run,-13
-1,497993.59375,Dash,-13
-1,497993.59375,Run,-13
-1,497993.59375,Run,-13
-1,497993.59375,Run,-13
-1,497993.59375,Run,-13
-1,497993.59375,Run,-13
-1,497993.59375,Run,-13
-1,497993.59375,Run,-13
-1,497993.59375,Dash,-13
-1,497993.59375,Run,-13
-1,497993.59375,Run,-13
-1,497993.59375,Run,-13
-1,497993.59375,Run,-13
-1,497993.59375,Run,-13
-1,497993.59375,Run,-13
-1,497993.59375,Run,-13
-1,497993.59375,Run,-13
-1,497993.59375,Run,-13
-1,497993.59375,Run,-13
-1,497993.59375,Run,-13
-1,497993.59375,Run,-13
-1,497993.59375,Run,-13
-1,497993.59375,Run,-13
-1,497993.59375,Run,-13
-1,497993.59375,Run,-13
-1,497993.59375,Run,-13
-1,497993.59375,Run,-13
-1,497993.59375,Run,-13
-1,497993.59375,Run,-13
-1,497993.59375,Run,-13
-1,497993.59375,Run,-13
-1,497993.59375,Run,-13
-1,497993.59375,Dash,-13
-1,497993.59375,Blast,-13
-1,497993.59375,Run,-13
-1,497993.59375,Run,-13
-1,497993.59375,Run,-13
-1,497993.59375,Run,-13
-1,497993.59375,Run,-13
-1,497993.59375,Run,-13
-1,497993.59375,Run,-13
-1,497993.59375,Run,-13
-1,497993.59375,Run,-13
-1,497993.59375,Run,-13
-1,497993.59375,Run,-13
-1,497993.59375,Dash,-13
-1,497993.59375,Run,-13
-1,497993.59375,Run,-13
-1,497993.59375,Run,-13
-1,497993.59375,Run,-13
-1,497993.59375,Dash,-13
-1,497993.59375,Run,-13
-1,497993.59375,Run,-13
-1,497993.59375,Blast,-13
-1,497993.59375,Run,-13
-1,497993.59375,Blast,-13
-1,497993.59375,Run,-13
-1,497993.59375,Dash,-13
-1,497993.59375,Run,-13
-1,497993.59375,Run,-13
-1,497993.59375,Dash,-13
-1,497993.59375,Run,-13
-1,497993.59375,Run,-13
-1,497993.59375,Dash,-13
-1,497993.59375,Run,-13
-1,497993.59375,Run,-13
-1,497993.59375,Dash,-13
-1,497993.59375,Run,-13
-1,497993.59375,Run,-13
-1,497993.59375,Run,-13
-1,497993.59375,Run,-13
-1,497993.59375,Run,-13
-1,497993.59375,Run,-13
-1,497993.59375,Dash,-13
-1,497993.59375,Run,-13
-1,497993.59375,Run,-13
-1,497993.59375,Dash,-13
-1,497993.59375,Run,-13
-1,497993.59375,Run,-13
-1,497993.59375,Run,-13
-1,497993.59375,Run,-13
-1,497993.59375,Dash,-13
-1,497993.59375,Run,-13
-1,497993.59375,Dash,-13
-1,497993.59375,Run,-13
-1,497993.59375,Run,-13
-1,497993.59375,Run,-13
-1,497993.59375,Dash,-13
-1,497993.59375,Dash,-13
-1,497993.59375,Run,-13
-1,497993.59375,Run,-13
-1,497993.59375,Run,-13
-1,497993.59375,Run,-13
-1,497993.59375,Run,-13
-1,497993.59375,Run,-13
-1,497993.59375,Run,-13
-1,497993.59375,Run,-13
-1,497993.59375,Run,-13
-1,497993.59375,Dash,-13
-1,497993.59375,Run,-13
-1,497993.59375,Run,-13
-1,497993.59375,Run,-13
-1,497993.59375,Run,-13
-1,497993.59375,Run,-13
-1,497993.59375,Run,-13
-1,497993.59375,Run,-13
-1,497993.59375,Run,-13
-1,497993.59375,Run,-13
-1,497993.59375,Run,-13
-1,497993.59375,Run,-13
-1,214369.0,Run,-13
-1,214369.0,Run,-13
-1,214369.0,Dash,-13
-1,214369.0,Dash,-13
-1,215994.0,Run,-13
-1,217598.03125,Run,-13
-1,219223.03125,Run,-13
-1,220848.03125,Run,-13
-1,222473.015625,Run,-13
-1,224098.015625,Run,-13
-1,225723.0,Run,-13
-1,227348.0,Run,-13
-1,229125.3125,Run,-13
-1,230753.6875,Run,-13
-1,232378.6875,Run,-13
-1,234003.671875,Run,-13
-1,235628.671875,Run,-13
-1,233109.171875,Run,-13
-1,232309.4375,Run,-13
-1,231588.9375,Run,-13
-1,230947.71875,Run,-13
-1,230385.75,Run,-13
-1,229903.03125,Run,-13
-1,229499.546875,Run,-13
-1,229175.3125,Run,-13
-1,228930.3125,Run,-13
-1,228764.5625,Run,-13
-1,228678.03125,Run,-13
-1,228042.6875,Blast,-13
-1,227514.34375,Run,-13
-1,227514.34375,Run,-13
-1,227514.34375,Run,-13
-1,227514.34375,Run,-13
-1,227514.34375,Run,-13
-1,227514.34375,Run,-13
1,227514.34375,Run,-13
1,227514.34375,Run,-13
1,229577.15625,Run,-13
1,231639.96875,Jump,-13
1,233702.78125,Jump,-13
1,235765.59375,Run,-13
-2,237807.453125,Burst,-13
-2,237807.453125,Run,-13
-2,237807.453125,Run,-13
-2,237807.453125,Run,-13
-2,237807.453125,Run,-13
-2,237807.453125,Run,-13
-2,237807.453125,Dash,-13
-2,237807.453125,Run,-13
-2,236050.515625,Run,-13
-2,234293.578125,Run,-13
-2,232536.640625,Run,-13
-2,230779.6875,Dash,-13
-2,229022.75,Run,-13
-2,227265.8125,Run,-13
-2,225508.875,Run,-13
-2,223731.25,Run,-13
-2,221974.3125,Run,-13
-2,220214.6875,Run,-13
-2,218457.75,Dash,-13
-1,216700.8125,Run,-13
-1,216700.8125,Run,-13
-1,216700.8125,Dash,-13
-1,216033.15625,Blast,-13
-1,215365.515625,Run,-13
-1,215365.515625,Run,-13
-1,215365.515625,Run,-13
-1,215365.515625,Run,-13
-2,215365.515625,Run,-13
-2,215365.515625,Dash,-13
-2,215365.515625,Run,-14
-2,215593.0,Run,-14
-2,215820.453125,Run,-14
-2,216047.90625,Run,-14
-2,216275.34375,Run,-14
-2,216502.796875,Run,-14
-2,216730.25,Run,-14
-2,216957.6875,Run,-14
-2,216791.59375,Run,-14
-2,215938.8125,Run,-14
-2,215165.3125,Run,-14
-2,214471.03125,Run,-14
-2,213856.015625,Run,-14
-2,213320.21875,Run,-14
-2,212863.65625,Run,-14
-2,212486.28125,Dash,-14
-2,212188.109375,Dash,-14
-2,210431.171875,Run,-14
-2,208674.21875,Run,-14
-2,206917.28125,Run,-14
-2,205160.34375,Run,-14
-2,203403.390625,Run,-14
0,200249.4375,Run,-14
0,197136.0,Run,-14
0,194061.46875,Run,-14
0,191025.828125,Run,-14
0,188029.078125,Run,-14
0,185071.21875,Run,-14
0,182152.21875,Run,-14
1,180071.484375,Run,-14
1,179352.53125,Run,-14
1,178788.90625,Run,-14
1,178380.75,Run,-14
1,178128.625,Blast,-15
1,178373.46875,Run,-15
1,178695.65625,Run,-15
2,179094.34375,Jump,-15
2,177341.40625,Run,-15
2,175678.90625,Blast,-15
2,174106.0,Run,-15
2,172621.90625,Run,-15
2,171225.78125,Run,-15
2,169557.5,Run,-15
1,167341.46875,Run,-15
1,166439.78125,Run,-15
1,165684.09375,Jump,-15
1,165074.28125,Run,-15
1,163902.3125,Run,-15
1,163534.265625,Jump,-15
1,163311.125,Run,-15
1,163233.859375,Run,-15
1,163303.828125,Jump,-15
1,163522.765625,Jump,-15
1,163892.828125,Jump,-15
1,164416.5,Jump,-15
1,165096.6875,Run,-15
1,165936.625,Jump,-15
1,166939.96875,Run,-15
1,167923.53125,Run,-15
1,168368.0,Run,-15
1,168892.46875,Run,-15
1,169495.03125,Run,-15
1,170175.625,Run,-15
1,170934.34375,Run,-15
2,172502.890625,Run,-15
2,171123.828125,Jump,-15
2,169804.25,Blast,-15
2,169198.25,Run,-15
1,168671.5,Run,-15
1,169650.15625,Run,-15
1,170708.03125,Run,-15
1,171845.125,Run,-15
1,173061.46875,Run,-15
1,174357.03125,Run,-15
1,175731.8125,Run,-15
0,174537.75,Run,-14
0,173343.6875,Run,-14
0,172149.59375,Run,-14
0,170955.53125,Run,-14
0,169761.46875,Dash,-14
0,168567.390625,Run,-14
0,167373.3125,Run,-14
0,166179.25,Run,-14
1,165270.1875,Run,-14
1,164511.625,Run,-14
1,163832.28125,Jump,-14
1,163232.1875,Run,-14
1,162711.3125,Run,-14
1,162269.65625,Run,-14
1,161255.78125,Run,-14
1,160325.875,Run,-14
-1,159479.859375,Run,-14
-1,158717.5625,Run,-14
1,158038.8125,Run,-14
1,157443.3125,Run,-14
-1,156930.8125,Run,-14
-1,155436.859375,Run,-14
-1,154042.9375,Jump,-14
-1,152748.5,Run,-14
-1,152132.0,Jump,-14
-1,151594.75,Run,-14
-1,151136.734375,Run,-14
-1,150757.9375,Run,-14
-1,149890.34375,Run,-14
-1,149117.140625,Jump,-14
-1,148438.1875,Run,-14
-1,148404.09375,Run,-14
-1,148449.25,Run,-14
-1,148031.5,Jump,-14
-1,147708.4375,Run,-14
-1,148010.46875,Blast,-14
-1,148391.71875,Run,-14
-1,148852.21875,Run,-14
-3,149391.9375,Jump,-14
-3,146761.890625,Run,-14
-3,144131.84375,Run,-14
-3,141501.8125,Run,-14
-3,138871.75,Run,-14
-3,136241.71875,Dash,-14
-3,133611.671875,Run,-14
-3,130981.625,Run,-14
-3,128351.578125,Run,-14
3,126440.6875,Run,-14
3,126440.6875,Run,-14
3,126440.6875,Run,-14
3,126440.6875,Dash,-14
-1,126440.6875,Run,-14
-1,126540.6640625,Run,-14
0,125960.859375,Run,-13
0,125381.0546875,Run,-13
0,124801.25,Run,-13
0,124221.4453125,Run,-13
0,123353.6640625,Run,-13
0,122486.0390625,Run,-13
0,121618.6015625,Run,-13
-1,120751.390625,Run,-13
-1,119963.65625,Run,-13
-1,120099.359375,Run,-13
-1,120235.3984375,Dash,-13
-1,120371.765625,Run,-13
-1,120035.375,Dash,-13
-1,119698.96875,Run,-13
-1,119362.578125,Run,-13
2,119026.1796875,Run,-13
2,116863.078125,Blast,-13
2,114745.8828125,Run,-13
2,112674.5859375,Run,-13
2,110649.1953125,Run,-13
2,108669.6875,Run,-13
2,106736.0859375,Jump,-13
2,104848.3828125,Run,-13
1,103006.5703125,Run,-13
1,103260.5625,Jump,-13
-1,102032.671875,Jump,-13
-1,99675.953125,Run,-13
-1,97471.078125,Run,-13
-1,93470.8828125,Blast,-13
-1,89676.671875,Run,-13
-1,87493.6328125,Run,-13
-1,85443.484375,Run,-13
-1,83911.0703125,Blast,-13
-1,82683.6640625,Run,-13
-1,81578.796875,Blast,-13
-1,81712.984375,Jump,-13
-1,81975.4453125,Run,-13
-1,82739.140625,Dash,-13
-1,83563.7265625,Dash,-13
2,84450.203125,Run,-13
-1,83542.7421875,Run,-13
-1,82736.4375,Run,-13
-1,82028.953125,Run,-13
-1,81418.359375,Jump,-13
-1,80903.0703125,Run,-13
1,80303.7109375,Run,-13
1,80519.8515625,Run,-13
1,80815.2421875,Run,-13
1,81189.8828125,Dash,-13
-1,80464.3359375,Run,-13
-1,77131.4140625,Run,-13
-1,73929.0078125,Jump,-13
-1,70857.109375,Run,-13
-1,67915.71875,Run,-13
-1,65104.8359375,Dash,-13
-1,62424.46875,Run,-13
-1,60136.91015625,Run,-13
1,58056.4765625,Jump,-13
-1,57173.140625,Run,-13
-1,56367.53515625,Run,-13
-1,56322.578125,Dash,-13
-1,56737.15625,Run,-13
-1,55053.59375,Run,-13
-1,52583.484375,Run,-13
-1,50291.76171875,Run,-13
-1,48173.98046875,Jump,-13
-1,46222.31640625,Run,-13
-1,44429.22265625,Run,-13
-1,42787.48046875,Dash,-13
1,41290.27734375,Run,-13
1,41389.1875,Run,-13
-1,40875.0859375,Run,-13
-1,38383.921875,Jump,-13
-1,36054.38671875,Run,-13
-1,33877.8203125,Jump,-13
-1,31833.55078125,Jump,-13
-1,29914.802734375,Run,-13
-1,28709.6015625,Jump,-13
1,27618.640625,Run,-13
1,27511.515625,Jump,-13
1,27490.5234375,Run,-13
1,27553.091796875,Jump,-13
1,27697.640625,Run,-13
1,27922.732421875,Jump,-13
1,28227.3046875,Run,-13
1,28610.689453125,Run,-13
1,29072.591796875,Run,-13
1,29613.09375,Run,-13
1,30232.666015625,Jump,-13
1,30932.14453125,Run,-13
1,31712.748046875,Run,-13
1,32576.06640625,Jump,-13
1,33524.06640625,Jump,-13
-3,34559.08203125,Dash,-13
-3,35551.75,Run,-13
-3,36913.5078125,Run,-13
-3,38326.20703125,Dash,-13
-3,39789.84375,Run,-13
-3,41304.421875,Dash,-13
-3,42869.9453125,Run,-13
-3,44486.40625,Run,-13
-3,46153.8046875,Run,-13
-3,47872.1484375,Run,-13
-3,49641.4296875,Dash,-13
-3,51461.65234375,Dash,-13
-3,53332.8203125,Run,-13
-1,55254.921875,Run,-13
-1,56542.265625,Jump,-13
1,57098.0,Dash,-13
1,57301.765625,Jump,-13
1,57662.3359375,Run,-13
1,57423.40625,Jump,-13
1,56615.5,Dash,-13
1,56492.375,Blast,-13
1,56995.1484375,Jump,-13
1,56901.1484375,Jump,-13
1,56878.859375,Run,-13
1,56930.3359375,Jump,-13
1,57058.015625,Run,-13
1,58243.27734375,Run,-13
1,59510.7421875,Run,-13
1,60863.9765625,Run,-13
1,62306.921875,Run,-13
1,63843.8828125,Run,-13
1,65479.546875,Run,-13
1,67218.9765625,Blast,-13
1,69067.609375,Run,-13
1,71031.265625,Blast,-13
1,73116.125,Run,-13
1,75328.75,Jump,-13
1,77676.078125,Run,-13
1,80165.4375,Run,-13
1,82804.484375,Jump,-13
1,85601.3125,Jump,-13
1,87585.78125,Run,-13
1,88312.25,Run,-13
1,90166.203125,Run,-13
1,92109.40625,Run,-13
1,94145.375,Run,-13
-2,96277.046875,Run,-13
-2,97285.78125,Run,-13
-2,98347.265625,Run,-13
-2,99453.2890625,Run,-13
-2,100619.296875,Run,-14
-2,99763.15625,Run,-14
-2,98905.28125,Run,-14
-2,98045.6875,Run,-14
-2,96674.3359375,Burst,-14
-2,95359.53125,Dash,-14
-2,94099.3671875,Dash,-14
-2,93442.640625,Dash,-14
-2,93079.40625,Dash,-14
-2,95861.53125,Dash,-14
-2,98739.375,Dash,-14
-2,101712.9453125,Dash,-14
-2,104782.25,Dash,-14
-2,107947.28125,Dash,-14
-2,111208.0390625,Dash,-14
-1,114564.53125,Dash,-14
-1,118016.75,Run,-14
-1,121564.6875,Jump,-14
-1,125208.359375,Jump,-14
-3,128947.765625,Run,-14
-3,133214.5625,Run,-14
-3,137602.125,Run,-14
3,138775.6875,Run,-14
3,139229.359375,Run,-14
3,139824.1875,Run,-14
3,140509.96875,Run,-14
3,141257.8125,Run,-14
3,142068.71875,Run,-14
3,142943.65625,Run,-14
3,143883.5625,Run,-14
3,144889.40625,Run,-14
3,145962.171875,Run,-14
-1,147102.875,Run,-14
-1,148346.875,Run,-14
-1,149738.625,Jump,-14
-1,151261.859375,Run,-14
-1,152918.90625,Run,-14
-1,154714.4375,Run,-14
-1,156652.515625,Melee,-14
-1,158737.625,Melee,-15
-1,158156.46875,Melee,-15
-1,157623.90625,Melee,-15
-1,157196.1875,Jump,-15
-1,157024.0625,Run,-15
-1,155572.296875,Jump,-15
-1,156116.34375,Run,-15
-1,155280.0625,Jump,-15
-1,156134.515625,Run,-15
-1,157469.71875,Dash,-15
-1,158880.40625,Jump,-15
1,160548.828125,Run,-15
1,162189.046875,Run,-15
1,163843.59375,Run,-15
1,165512.4375,Run,-15
1,167195.609375,Run,-15
1,168893.09375,Run,-15
1,170604.90625,Run,-15
1,172331.015625,Run,-15
1,174071.453125,Run,-15
1,175826.21875,Run,-15
1,177578.140625,Run,-15
-2,178556.625,Dash,-15
-3,179535.125,Run,-15
-3,182163.25,Run,-15
-3,184895.6875,Run,-15
-3,187707.765625,Run,-15
-3,190597.21875,Run,-15
-3,193567.75,Run,-15
-3,196617.53125,Run,-15
-3,199746.53125,Run,-15
-3,202954.765625,Run,-15
-3,206242.25,Run,-15
-3,209608.96875,Run,-15
-3,213054.40625,Dash,-15
-3,216611.359375,Run,-15
1,217609.5625,Run,-15
-2,218718.8125,Run,-15
-2,220885.53125,Run,-15
-2,223131.5,Run,-15
-2,225456.671875,Run,-15
-2,227861.09375,Run,-15
-2,230344.75,Run,-15
-2,232907.625,Run,-15
-1,235549.75,Run,-15
-1,237293.15625,Run,-15
1,239115.8125,Run,-15
1,241017.328125,Dash,-15
1,242480.859375,Run,-15
1,242389.953125,Burst,-15
1,241429.140625,Run,-15
1,240451.21875,Dash,-15
1,239468.65625,Run,-15
1,238482.171875,Jump,-15
1,237495.546875,Jump,-15
-2,236508.03125,Run,-15
-2,236488.515625,Run,-15
-2,236468.921875,Run,-15
-2,236454.296875,Run,-15
-2,236444.609375,Run,-15
-2,236438.640625,Run,-15
-2,236435.109375,Run,-15
-2,236571.65625,Run,-15
-2,236808.90625,Run,-15
-2,237346.9375,Jump,-15
-2,238081.578125,Run,-16
-2,236749.8125,Jump,-16
-2,235521.21875,Run,-16
-2,234373.125,Jump,-16
-2,233308.0,Jump,-16
-2,232325.875,Run,-16
-2,231424.296875,Run,-16
-2,231600.234375,Run,-16
-2,231855.4375,Run,-16
-2,232189.84375,Dash,-16
-2,232603.5,Run,-16
-2,233096.359375,Run,-16
-2,233668.46875,Dash,-16
-2,233848.078125,Run,-16
-2,233593.75,Run,-16
-2,233339.3125,Run,-16
-2,233084.90625,Run,-16
-2,232830.46875,Run,-16
-2,232576.03125,Run,-17
-2,231607.125,Jump,-17
-2,230635.5625,Run,-17
-2,229663.96875,Dash,-17
-2,228692.40625,Dash,-17
-2,227719.03125,Run,-17
-2,226749.921875,Jump,-17
-2,225778.34375,Run,-17
-2,224806.765625,Jump,-17
-2,223835.1875,Dash,-17
-2,222862.3125,Run,-17
-2,221892.6875,Run,-17
1,221892.6875,Run,-17
1,221892.6875,Run,-17
1,220921.09375,Run,-17
1,219949.53125,Run,-17
1,218977.96875,Jump,-17
1,218006.375,Dash,-17
1,217034.8125,Dash,-17
1,216063.234375,Burst,-17
1,215091.65625,Burst,-17
1,214120.09375,Jump,-17
1,213148.515625,Dash,-17
1,212176.9375,Jump,-17
1,211205.375,Jump,-17
-1,210233.796875,Run,-17
-1,210233.796875,Run,-17
-1,210233.796875,Run,-17
-1,210233.796875,Dash,-17
-1,210233.796875,Run,-17
-1,210233.796875,Run,-17
-1,210233.796875,Run,-17
-1,210233.796875,Run,-17
-1,210233.796875,Run,-17
-1,210233.796875,Run,-17
-1,210233.796875,Run,-17
-1,210233.796875,Run,-17
-1,210233.796875,Run,-17
-1,210233.796875,Dash,-17
-1,210233.796875,Run,-17
-1,210233.796875,Run,-17
-1,210233.796875,Run,-17
-1,210233.796875,Run,-17
1,210233.796875,Run,-17
-2,210233.796875,Run,-17
-2,211205.375,Run,-17
-2,212176.9375,Run,-17
-2,213148.515625,Run,-17
-2,214120.09375,Run,-17
-2,215091.65625,Run,-17
-2,216063.234375,Run,-17
-2,217034.8125,Run,-17
-2,218006.375,Run,-17
-2,218977.96875,Dash,-17
-2,219949.53125,Run,-17
-2,220921.09375,Run,-17
-2,221892.6875,Run,-17
-2,222864.25,Dash,-17
-2,223835.828125,Run,-17
-2,224807.40625,Run,-17
-2,225778.96875,Run,-17
-2,226750.546875,Run,-17
-2,227722.125,Run,-17
-2,228693.6875,Dash,-17
-2,229665.265625,Dash,-17
-2,230636.84375,Run,-17
-2,231608.40625,Run,-17
-2,232580.0,Run,-17
-2,233551.5625,Dash,-17
-2,234523.125,Run,-17
-2,235494.71875,Run,-17
-2,236466.28125,Run,-17
-2,237437.84375,Run,-17
-2,238409.4375,Run,-17
-2,239381.0,Run,-17
-2,240352.59375,Run,-17
-2,241324.15625,Run,-17
-2,242295.71875,Run,-17
-2,243267.3125,Run,-17
-2,244238.875,Run,-17
-2,245210.4375,Run,-17
-2,246182.03125,Run,-17
-2,247153.59375,Run,-17
-2,248125.15625,Run,-17
-2,249096.75,Run,-17
-2,250068.3125,Run,-17
-2,251039.90625,Run,-17
-2,252011.46875,Run,-17
-2,252983.03125,Run,-17
-2,253954.625,Run,-17
-2,254926.1875,Run,-17
-2,255897.75,Run,-17
-1,256869.34375,Run,-17
-1,256869.34375,Dash,-17
-1,256869.34375,Run,-17
-1,256869.34375,Run,-17
-1,256869.34375,Dash,-17
-1,256869.34375,Run,-17
-1,256869.34375,Run,-17
-1,256869.34375,Run,-17
-1,256869.34375,Run,-17
-1,256869.34375,Run,-17
-1,256869.34375,Run,-17
-1,256869.34375,Run,-17
-1,256869.34375,Run,-17
-1,256869.34375,Run,-17
-1,256869.34375,Blast,-17
-1,256869.34375,Run,-17
-1,256869.34375,Run,-17
-1,256869.34375,Run,-17
-1,256869.34375,Run,-17
-1,256869.34375,Run,-17
-1,256869.34375,Dash,-17
-1,256869.34375,Run,-17
-1,256869.34375,Run,-17
-1,256869.34375,Dash,-17
-1,256869.34375,Run,-17
-1,256869.34375,Dash,-17
-1,256869.34375,Run,-17
-1,256869.34375,Run,-17
-1,256869.34375,Run,-17
-1,256869.34375,Dash,-17
-1,256869.34375,Run,-17
-1,256869.34375,Run,-17
-1,256869.34375,Run,-17
-1,256869.34375,Run,-17
-1,256869.34375,Run,-17
-1,256869.34375,Run,-17
-1,256869.34375,Run,-17
-1,256869.34375,Run,-17
-1,256869.34375,Run,-17
-1,256869.34375,Run,-17
-1,256869.34375,Run,-17
-1,256869.34375,Dash,-17
-1,256869.34375,Run,-17
-1,256869.34375,Run,-17
-1,256869.34375,Run,-17
-1,256869.34375,Run,-17
-1,256869.34375,Run,-17
-1,256869.34375,Run,-17
-1,256869.34375,Run,-17
-1,256869.34375,Run,-17
-1,256869.34375,Run,-17
-1,256869.34375,Blast,-17
-1,256869.34375,Run,-17
-1,256869.34375,Run,-17
-1,256869.34375,Run,-17
-1,256869.34375,Run,-17
-1,256869.34375,Run,-17
-1,256869.34375,Run,-17
-1,256869.34375,Run,-17
-1,256869.34375,Dash,-17
-1,256869.34375,Run,-17
-1,256869.34375,Run,-17
-1,256869.34375,Run,-17
-1,256869.34375,Run,-17
-1,256869.34375,Run,-17
-1,256869.34375,Run,-17
-1,256869.34375,Run,-17
-1,256869.34375,Run,-17
-1,256869.34375,Run,-17
-1,256869.34375,Run,-17
-1,256869.34375,Run,-17
-1,256869.34375,Run,-17
-1,256869.34375,Run,-17
-1,256869.34375,Run,-17
-1,256869.34375,Run,-17
-1,256869.34375,Run,-17
-1,256869.34375,Run,-17
-1,256869.34375,Run,-17
-1,256869.34375,Run,-17
-1,256869.34375,Run,-17
-1,256869.34375,Dash,-17
-1,256869.34375,Run,-17
-1,256869.34375,Run,-17
-1,256869.34375,Blast,-17
-1,256869.34375,Run,-17
-1,256869.34375,Run,-17
-1,256869.34375,Run,-17
-1,256869.34375,Run,-17
-1,256869.34375,Run,-17
-1,256869.34375,Run,-17
-1,256869.34375,Run,-17
-1,256869.34375,Run,-17
-1,256869.34375,Run,-17
-1,256869.34375,Run,-17
-1,256869.34375,Run,-17
-1,256869.34375,Run,-17
-1,256869.34375,Run,-17
-1,256869.34375,Dash,-17
-1,256869.34375,Run,-17
-1,256869.34375,Dash,-17
-1,256869.34375,Run,-17
-1,256869.34375,Run,-17
-1,256869.34375,Dash,-17
-1,256869.34375,Run,-17
-1,256869.34375,Dash,-17
-1,256869.34375,Dash,-17
-1,256869.34375,Run,-17
-1,256869.34375,Run,-17
-1,256869.34375,Dash,-17
-1,256869.34375,Run,-17
-1,256869.34375,Run,-17
-1,256869.34375,Blast,-17
-1,256869.34375,Run,-17
-1,256869.34375,Run,-17
-1,256869.34375,Run,-17
-1,256869.34375,Run,-17
-1,256869.34375,Run,-17
-1,256869.34375,Run,-17
-1,256869.34375,Run,-17
-1,256869.34375,Run,-17
-1,256869.34375,Run,-17
-1,256869.34375,Run,-17
-1,256869.34375,Run,-17
-1,256869.34375,Run,-17
-1,256869.34375,Run,-17
-1,256869.34375,Run,-17
-1,256869.34375,Run,-17
-1,256869.34375,Run,-17
-1,256869.34375,Run,-17
-1,256869.34375,Dash,-17
-1,256869.34375,Run,-17
-1,256869.34375,Run,-17
-1,256869.34375,Run,-17
-1,256869.34375,Run,-17
-1,256869.34375,Run,-17
-1,256869.34375,Blast,-17
-1,256869.34375,Run,-17
-1,256869.34375,Dash,-17
-1,256869.34375,Run,-17
-1,256869.34375,Run,-17
-1,256869.34375,Run,-17
-1,256869.34375,Run,-17
-1,256869.34375,Run,-17
-1,256869.34375,Run,-17
-1,256869.34375,Run,-17
-1,256869.34375,Run,-17
-1,256869.34375,Run,-17
-1,256869.34375,Run,-17
-1,256869.34375,Run,-17
-1,256869.34375,Run,-17
-1,256869.34375,Run,-17
-1,256869.34375,Run,-17
-1,256869.34375,Dash,-17
-1,256869.34375,Run,-17
-1,256869.34375,Run,-17
-1,256869.34375,Run,-17
-1,256869.34375,Run,-17
-1,256869.34375,Run,-17
-1,256869.34375,Run,-17
-1,256869.34375,Run,-17
-1,256869.34375,Run,-17
-1,256869.34375,Run,-17
-1,256869.34375,Run,-17
-1,256869.34375,Run,-17
-1,256869.34375,Run,-17
-1,256869.34375,Run,-17
-1,256869.34375,Dash,-17
-1,256869.34375,Run,-17
-1,256869.34375,Dash,-17
-1,256869.34375,Dash,-17
-1,256869.34375,Run,-17
-1,256869.34375,Run,-17
-1,256869.34375,Run,-17
-1,256869.34375,Run,-17
-1,256869.34375,Run,-17
-1,256869.34375,Run,-17
-1,256869.34375,Run,-17
-1,256869.34375,Dash,-17
-1,256869.34375,Run,-17
-1,256869.34375,Run,-17
-1,256869.34375,Run,-17
-1,256869.34375,Run,-17
-1,256869.34375,Run,-17
-1,256869.34375,Run,-17
-1,256869.34375,Run,-17
-1,256869.34375,Run,-17
-1,256869.34375,Run,-17
-1,256869.34375,Run,-17
-1,256869.34375,Run,-17
-1,256869.34375,Run,-17
-1,256869.34375,Blast,-17
-1,256869.34375,Run,-17
-1,256869.34375,Run,-17
-1,256869.34375,Run,-17
-1,256869.34375,Run,-17
-1,256869.34375,Dash,-17
-1,256869.34375,Run,-17
-1,256869.34375,Run,-17
-1,256869.34375,Dash,-17
-1,256869.34375,Run,-17
-1,256869.34375,Dash,-17
-1,256869.34375,Run,-17
-1,256869.34375,Run,-17
-1,256869.34375,Run,-17
-1,256869.34375,Run,-17
-1,256869.34375,Run,-17
-1,256869.34375,Dash,-17
-1,256869.34375,Run,-17
-1,214369.0,Run,-17
-1,214369.0,Run,-17
-1,214369.0,Run,-17
-1,214369.0,Run,-17
-1,213751.5,Run,-17
-1,213134.0,Run,-17
-1,212516.484375,Run,-17
-1,211898.984375,Run,-17
-1,211281.46875,Run,-17
-1,210663.96875,Run,-17
-1,210046.46875,Run,-17
-1,209428.96875,Run,-17
-1,208811.46875,Run,-17
-1,208193.96875,Run,-17
-1,207576.453125,Run,-17
-1,206958.953125,Run,-17
-1,206341.4375,Run,-17
-1,205702.984375,Run,-17
-1,205085.46875,Run,-17
-1,204467.96875,Run,-17
-1,203850.46875,Dash,-17
-1,203232.96875,Run,-17
-1,201607.96875,Run,-17
-1,199982.96875,Run,-17
-1,198357.96875,Run,-17
-1,196732.96875,Run,-17
-1,195107.96875,Run,-17
-1,193482.96875,Run,-17
-1,191857.96875,Dash,-17
-1,190232.96875,Run,-17
-1,188607.953125,Dash,-17
-1,186982.953125,Run,-17
-1,185357.953125,Run,-17
-1,183732.953125,Run,-17
-1,183732.953125,Run,-17
-1,183732.953125,Run,-17
-1,183115.453125,Run,-17
-1,182497.953125,Run,-17
-1,181880.453125,Run,-17
-1,181262.96875,Run,-17
-1,180645.46875,Run,-17
-1,180027.96875,Dash,-17
-1,179410.46875,Run,-17
-1,178792.96875,Run,-17
-1,178175.46875,Dash,-17
1,177557.96875,Run,-17
1,176940.46875,Run,-17
1,177554.8125,Dash,-17
1,178149.09375,Run,-17
1,178723.3125,Run,-17
1,179277.484375,Run,-17
1,179790.625,Dash,-17
1,180304.6875,Burst,-17
2,180798.6875,Dash,-17
2,180067.9375,Jump,-17
2,179417.25,Run,-17
2,178845.78125,Run,-17
2,178353.53125,Run,-17
2,176768.875,Run,-17
-1,175263.4375,Jump,-17
-1,172665.5625,Jump,-17
-1,170490.109375,Run,-17
-1,168393.875,Jump,-17
-1,167446.53125,Run,-17
-1,166578.4375,Run,-17
-1,165789.5625,Run,-17
-1,165079.90625,Jump,-17
-1,164449.5,Run,-17
-1,163898.34375,Run,-17
-1,161168.234375,Run,-17
-1,158517.375,Run,-17
-1,155945.75,Jump,-17
-1,153453.34375,Run,-17
-1,151040.1875,Run,-17
-1,148706.28125,Run,-17
-1,146451.578125,Run,-17
-1,144276.125,Run,-17
-1,142179.890625,Jump,-17
-1,140162.890625,Run,-17
-1,138225.140625,Run,-17
-1,136366.625,Run,-17
-1,135415.8125,Run,-17
-1,134544.25,Run,-17
2,133751.90625,Run,-17
2,134210.46875,Run,-17
2,134748.28125,Run,-17
2,134141.5,Run,-17
2,133149.6875,Run,-17
2,132282.359375,Run,-17
2,131534.375,Run,-17
2,130900.96875,Jump,-17
2,130377.7734375,Run,-17
1,129960.796875,Dash,-17
1,129646.375,Jump,-17
3,129019.921875,Run,-17
3,129997.609375,Run,-17
3,130836.40625,Dash,-17
3,131536.3125,Jump,-17
3,132097.328125,Jump,-17
3,132519.453125,Jump,-17
3,132802.703125,Jump,-17
3,132947.0625,Jump,-18
3,132952.515625,Jump,-18
3,132819.09375,Jump,-18
-3,132546.78125,Jump,-18
-3,132135.578125,Jump,-18
-3,131585.5,Run,-18
-1,133010.15625,Run,-18
-1,133382.625,Run,-18
-1,133947.484375,Run,-18
-1,134694.5625,Run,-18
-1,135594.84375,Run,-18
-1,136645.671875,Run,-18
-1,137844.25,Jump,-18
-1,139187.6875,Run,-18
-1,140672.84375,Run,-18
1,142296.140625,Run,-18
1,143865.8125,Run,-18
1,145552.75,Blast,-18
1,146481.65625,Jump,-18
1,146360.21875,Jump,-18
0,146605.9375,Jump,-17
0,146905.0,Jump,-17
0,147256.03125,Jump,-17
0,147657.75,Jump,-17
0,148108.84375,Jump,-17
0,148607.953125,Jump,-17
0,149153.796875,Jump,-17
1,149287.0625,Jump,-17
1,148533.125,Run,-17
1,147883.640625,Run,-17
1,147339.578125,Run,-17
1,146902.28125,Run,-17
1,146573.515625,Jump,-17
1,146355.390625,Run,-17
1,146250.40625,Jump,-17
8,146261.40625,Run,-17
8,146391.640625,Jump,-17
8,146644.734375,Burst,-17
8,147682.59375,Jump,-17
8,147142.203125,Jump,-17
8,146670.796875,Dash,-17
8,146268.375,Run,-18
8,145735.125,Dash,-18
8,145282.515625,Run,-18
8,144911.15625,Jump,-19
8,146356.578125,Jump,-19
8,147869.125,Jump,-19
8,149449.453125,Jump,-19
8,151098.21875,Jump,-19
8,153132.34375,Jump,-19
8,156010.84375,Jump,-19
8,159067.46875,Jump,-19
8,162307.4375,Jump,-19
8,165735.5,Jump,-19
8,168468.84375,Run,-19
8,170491.0,Dash,-19
8,172687.28125,Run,-19
8,175536.34375,Jump,-20
8,178419.71875,Melee,-20
8,181337.40625,Melee,-20
8,184289.375,Melee,-20
8,187275.625,Run,-20
8,190296.203125,Run,-20
8,193351.0625,Burst,-20
8,196119.296875,Melee,-20
8,196949.875,Melee,-20
8,197742.84375,Melee,-20
1,199616.375,Melee,-20
-2,201489.921875,Run,-20
-2,202202.53125,Run,-20
-2,200241.671875,Run,-20
8,198382.40625,Run,-20
8,196618.90625,Run,-20
8,194950.3125,Run,-20
8,193375.90625,Run,-20
8,191895.125,Run,-20
8,190507.5625,Run,-20
8,190297.265625,Run,-20
8,190160.515625,Run,-20
8,190097.59375,Run,-20
8,190109.78125,Run,-20
8,190197.46875,Run,-20
8,189770.296875,Run,-20
8,188904.390625,Run,-20
0,187025.78125,Dash,-19
0,185163.109375,Dash,-19
0,183315.21875,Dash,-19
0,181482.3125,Dash,-19
0,179664.8125,Dash,-20
0,179074.46875,Dash,-20
0,178474.03125,Dash,-20
8,178451.1875,Dash,-20
8,179657.546875,Run,-20
8,180957.8125,Jump,-20
8,182351.46875,Dash,-20
8,183838.03125,Dash,-20
8,184909.8125,Run,-20
8,183847.765625,Dash,-20
8,182810.8125,Dash,-21
8,181798.96875,Melee,-21
8,180812.203125,Melee,-21
8,179850.53125,Melee,-21
8,178706.65625,Melee,-21
8,177120.296875,Melee,-21
8,175481.15625,Melee,-21
8,173789.25,Melee,-21
8,172044.46875,Melee,-21
8,170247.0625,Melee,-21
8,166975.5,Run,-21
8,163756.34375,Run,-21
8,164092.46875,Burst,-21
8,164487.71875,Jump,-21
8,163783.453125,Burst,-21
8,163079.171875,Dash,-21
8,162374.46875,Dash,-21
8,161670.1875,Dash,-21
8,162374.46875,Dash,-21
8,163078.265625,Dash,-21
8,163782.84375,Dash,-21
8,164487.125,Dash,-21
8,165191.40625,Dash,-21
8,165895.6875,Dash,-21
8,166599.90625,Dash,-21
1,166599.90625,Dash,-21
1,166599.90625,Dash,-21
1,165893.0,Dash,-21
1,165188.71875,Jump,-21
1,164484.453125,Dash,-21
1,163780.171875,Jump,-21
8,163075.90625,Burst,-21
8,162371.625,Dash,-21
8,161670.0,Burst,-21
8,160965.71875,Run,-21
8,160261.4375,Run,-21
8,159557.171875,Jump,-21
8,158852.71875,Burst,-21
0,159171.40625,Jump,-20
0,159489.78125,Jump,-20
0,159808.171875,Jump,-20
0,160126.5625,Jump,-20
0,160444.9375,Jump,-20
0,160763.3125,Jump,-20
0,161081.6875,Jump,-20
-1,160021.1875,Jump,-20
-1,159734.90625,Jump,-20
-1,159608.421875,Jump,-20
-1,159626.921875,Jump,-20
-1,159783.59375,Run,-20
-1,160071.34375,Run,-20
-1,161754.09375,Run,-20
-1,163598.359375,Jump,-20
-1,165604.28125,Jump,-20
-2,167641.390625,Run,-20
-2,169451.078125,Run,-20
-2,171353.40625,Run,-20
-2,173351.75,Run,-20
-2,175456.125,Run,-20
-2,177668.234375,Dash,-20
-2,179989.75,Run,-20
-3,183300.875,Run,-20
-3,188114.5,Run,-20
-3,193050.15625,Run,-20
-3,198107.8125,Run,-20
-3,203287.515625,Run,-20
-3,208589.234375,Run,-20
-3,214012.96875,Run,-20
-3,219558.75,Run,-20
-3,225226.53125,Run,-20
-3,231016.34375,Run,-20
-3,236928.1875,Run,-20
-3,242962.0625,Run,-20
-3,249117.9375,Run,-20
1,250399.34375,Run,-20
-2,251789.5625,Run,-20
-2,254458.234375,Run,-20
-2,257219.90625,Dash,-20
-2,260076.125,Run,-20
-2,263041.25,Dash,-20
-2,266117.09375,Run,-20
-2,269305.125,Run,-20
-2,272606.6875,Blast,-20
-2,276022.625,Run,-20
0,276912.0625,Run,-19
0,277878.21875,Run,-19
0,278926.15625,Run,-19
0,280053.34375,Run,-19
0,281259.75,Run,-19
0,282545.375,Run,-19
0,283910.25,Run,-19
1,284782.21875,Run,-19
1,284351.28125,Dash,-19
1,283923.3125,Dash,-19
1,282684.1875,Jump,-19
1,281445.0625,Dash,-19
1,280205.96875,Jump,-19
1,278966.875,Jump,-19
1,277727.75,Run,-19
1,276488.65625,Dash,-19
1,275249.5625,Jump,-19
1,274010.4375,Jump,-19
1,272771.34375,Dash,-19
1,271532.25,Run,-19
1,273909.90625,Run,-21
-2,276214.6875,Melee,-21
-2,281123.34375,Melee,-21
-2,286082.1875,Run,-21
-2,291096.375,Dash,-21
-2,296163.375,Run,-21
1,301283.15625,Run,-21
1,306455.6875,Melee,-21
3,311681.03125,Burst,-21
3,319411.375,Burst,-21
3,327280.65625,Melee,-21
3,335288.8125,Melee,-21
3,339382.9375,Melee,-21
-3,343477.125,Melee,-21
-3,347571.25,Melee,-21
-3,351665.4375,Run,-22
-3,354282.625,Melee,-22
-3,356861.1875,Burst,-22
-3,359400.84375,Melee,-22
-3,361901.625,Melee,-22
-3,364363.46875,Melee,-22
1,362809.03125,Melee,-22
-2,361254.53125,Run,-22
-2,362234.9375,Run,-22
-2,365316.65625,Run,-22
-2,368495.5,Dash,-22
-2,371772.65625,Run,-22
-2,375148.75,Run,-22
-2,378624.5,Run,-22
-2,382200.5,Run,-22
-2,385877.34375,Dash,-22
-2,389655.40625,Run,-22
-2,393534.78125,Run,-22
-2,397515.375,Run,-22
-2,401387.96875,Run,-22
-2,402980.4375,Run,-22
-2,406305.5,Run,-22
-2,409728.4375,Dash,-22
1,413249.6875,Run,-22
1,416577.25,Run,-22
1,419852.25,Dash,-22
-5,423074.75,Run,-22
-5,427299.25,Dash,-24
-5,432216.25,Dash,-24
-5,437133.25,Dash,-24
-5,442050.1875,Melee,-24
-5,446967.1875,Melee,-24
-5,451884.1875,Melee,-24
-5,456801.1875,Melee,-24
-5,461718.125,Melee,-24
-5,466635.125,Melee,-24
-5,471552.125,Melee,-24
-5,471631.34375,Melee,-24
-5,471789.8125,Melee,-24
-5,472027.5,Melee,-24
-5,472344.4375,Melee,-24
-5,472740.5625,Melee,-24
-5,473215.96875,Melee,-24
-5,473770.59375,Melee,-24
-5,473770.59375,Burst,-24
-5,473770.59375,Melee,-24
-5,473770.59375,Melee,-24
-5,473770.59375,Melee,-24
-5,473770.59375,Melee,-24
-5,473770.59375,Melee,-24
-5,473770.59375,Melee,-24
-5,473770.59375,Melee,-24
-5,473770.59375,Melee,-24
-5,473770.59375,Melee,-24
-5,473770.59375,Melee,-24
-5,473770.59375,Melee,-24
-5,473770.59375,Melee,-24
-5,473770.59375,Melee,-24
-5,473770.59375,Melee,-24
-5,473770.59375,Melee,-24
-5,473770.59375,Melee,-24
-5,473770.59375,Melee,-24
-5,473770.59375,Melee,-24
-5,473770.59375,Melee,-24
-5,473770.59375,Melee,-24
-5,473770.59375,Melee,-24
-5,473770.59375,Burst,-24
0,473505.65625,Melee,-23
0,473320.3125,Melee,-23
0,473214.1875,Melee,-23
0,473187.3125,Melee,-23
0,473239.6875,Melee,-23
0,473371.3125,Melee,-23
0,473582.125,Melee,-23
0,473794.03125,Melee,-23
0,473794.03125,Melee,-23
0,473794.03125,Melee,-23
0,473794.03125,Melee,-23
0,473794.03125,Burst,-23
0,473794.03125,Melee,-23
0,473794.03125,Burst,-23
0,473794.03125,Burst,-23
0,473794.03125,Burst,-23
0,473794.03125,Melee,-23
0,473794.03125,Melee,-23
0,473794.03125,Melee,-23
0,473794.03125,Melee,-23
0,473794.03125,Melee,-23
0,473794.03125,Burst,-23
0,473794.03125,Burst,-23
0,473794.03125,Burst,-23
0,473794.03125,Burst,-23
0,473794.03125,Melee,-23
0,473794.03125,Melee,-23
0,473794.03125,Melee,-23
0,473794.03125,Burst,-23
0,473794.03125,Melee,-23
0,473794.03125,Melee,-23
0,473794.03125,Burst,-23
0,473794.03125,Melee,-22
0,473794.03125,Melee,-22
0,473794.03125,Melee,-22
0,473794.03125,Burst,-22
0,473794.03125,Burst,-22
0,473794.03125,Burst,-22
0,473794.03125,Melee,-22
0,473794.03125,Burst,-22
0,473794.03125,Melee,-22
0,473794.03125,Melee,-22
0,473794.03125,Melee,-22
0,473794.03125,Melee,-22
0,473794.03125,Melee,-22
0,473794.03125,Melee,-22
0,473794.03125,Melee,-22
0,473794.03125,Melee,-22
0,473794.03125,Melee,-22
0,473794.03125,Melee,-22
0,473794.03125,Melee,-22
0,473794.03125,Melee,-22
0,473794.03125,Melee,-22
0,473794.03125,Melee,-22
0,473794.03125,Melee,-22
0,473794.03125,Melee,-22
0,473794.03125,Melee,-22
0,473794.03125,Melee,-22
0,473794.03125,Melee,-22
0,473794.03125,Melee,-22
0,473794.03125,Melee,-22
