playerAggression,distance,pastNemStates,pastNemStatesENC,nemInput,curReward
1,214369.0,Idle,0
-1,214369.0,Idle,0
-1,214369.0,Run,0
-1,214369.0,Run,0
-1,214369.0,Blast,0
-1,213751.5,Blast,0
-1,213751.5,Run,0
-1,213751.5,Run,0
-1,213751.5,Run,0
-1,213751.5,Run,0
-1,213751.5,Run,0
-1,213751.5,Run,0
-1,213751.5,Run,0
-1,213751.5,Run,0
-1,213751.5,Run,0
-1,213751.5,Run,0
-1,213751.5,Run,0
-1,213751.5,Run,0
-1,213751.5,Run,0
-1,213751.5,Run,0
-1,213751.5,Run,0
-1,213751.5,Run,0
-1,213751.5,Run,0
-1,213751.5,Blast,0
-1,213751.5,Run,0
-1,213751.5,Run,0
-1,213751.5,Run,0
-1,213751.5,Run,0
-1,213751.5,Run,0
-1,211828.53125,Run,0
1,211028.859375,Run,0
-2,210308.4375,Run,0
-2,207858.078125,Run,0
-2,205486.5,Run,0
-2,203234.6875,Run,0
-2,201082.15625,Run,0
-2,199028.890625,Run,0
-1,197074.875,Run,0
-1,193326.96875,Run,0
-1,189741.953125,Run,0
-1,185885.109375,Jump,0
-1,181975.0625,Run,0
-1,178671.40625,Run,0
-1,175446.96875,Jump,0
-1,171815.75,Run,0
-1,168759.796875,Run,0
-1,166924.03125,Run,0
-1,164713.109375,Run,0
-1,162601.96875,Run,0
-1,160590.03125,Jump,0
-1,158677.25,Blast,0
-1,155106.5,Run,0
-1,151614.96875,Run,0
-1,148202.703125,Run,0
-1,144869.640625,Run,0
-1,141615.84375,Jump,0
-1,138441.25,Run,0
-1,135345.90625,Run,0
-1,132329.78125,Run,0
-1,129392.8984375,Run,0
-1,126535.25,Run,0
-1,123756.84375,Run,0
-1,121984.6875,Jump,0
-1,120291.765625,Run,0
-1,119350.953125,Run,0
-1,119773.53125,Run,0
2,120196.109375,Dash,0
2,119348.703125,Run,0
2,118580.53125,Run,0
2,117891.6015625,Run,0
2,117281.8984375,Run,0
2,116751.4296875,Jump,0
2,116300.1875,Run,0
2,115928.1875,Run,0
1,115635.421875,Run,0
1,115113.890625,Jump,0
-1,114709.5,Run,0
-1,111739.671875,Jump,0
-1,109789.25,Run,0
-1,106907.234375,Run,0
-1,105128.109375,Jump,0
-1,101412.34375,Run,0
-1,97836.6171875,Run,0
-1,95479.53125,Run,0
-1,93739.234375,Run,0
-1,92109.2421875,Run,0
-1,90586.546875,Run,0
-1,89168.421875,Jump,0
-1,88988.375,Run,0
-1,88921.3203125,Run,0
-1,89346.65625,Run,0
-1,89816.46875,Dash,0
2,90331.7734375,Run,0
2,88671.4921875,Run,0
2,87054.171875,Run,0
2,85479.8046875,Run,0
2,83948.40625,Jump,0
2,82459.96875,Run,0
2,81014.484375,Run,0
1,79611.96875,Run,0
1,79419.703125,Jump,0
1,79270.40625,Run,0
-1,79164.078125,Jump,0
-1,77129.4140625,Run,0
-1,75223.828125,Jump,0
-1,73447.3125,Run,0
-1,72412.6796875,Run,0
-1,71500.09375,Run,0
-1,70711.109375,Run,0
-1,70665.828125,Run,0
-1,71011.875,Run,0
2,71392.625,Run,0
2,70216.640625,Run,0
2,69118.484375,Run,0
2,68095.5703125,Run,0
2,66941.6171875,Jump,0
2,65207.875,Run,0
2,63627.66796875,Run,0
2,62192.4765625,Run,0
2,60894.9765625,Run,0
2,59728.2109375,Jump,0
2,58685.609375,Run,0
2,58140.265625,Jump,0
2,57702.0625,Run,0
2,57365.625,Run,0
2,57126.89453125,Run,0
1,56981.390625,Run,0
1,57454.421875,Run,0
1,58000.73046875,Run,0
1,58618.5390625,Run,0
1,59304.8515625,Run,0
1,60058.5390625,Jump,0
1,60878.8515625,Run,0
1,61765.4453125,Run,0
1,62718.3671875,Jump,0
1,63738.0390625,Jump,0
1,64825.3046875,Run,0
1,65981.3828125,Run,0
1,67207.8984375,Run,0
1,68506.875,Run,0
1,69880.7265625,Run,0
1,71332.2578125,Run,0
3,72864.6796875,Run,0
3,75040.28125,Run,0
3,77220.140625,Run,0
3,79405.5078125,Run,0
3,81615.671875,Run,0
3,83854.5078125,Run,0
3,86125.7421875,Run,0
3,88432.8046875,Run,0
3,90778.8515625,Run,0
3,93166.75,Run,0
3,95599.109375,Dash,0
3,98078.25,Run,0
3,98064.671875,Run,0
3,97912.2109375,Run,0
1,97620.8671875,Run,0
1,96003.28125,Run,0
1,94399.1015625,Run,0
1,92808.3046875,Run,0
1,91230.8984375,Run,0
1,89666.890625,Run,0
1,88116.2734375,Run,0
1,86579.0390625,Run,0
1,85055.203125,Run,0
1,83544.7578125,Jump,0
1,82047.703125,Jump,0
1,83952.109375,Run,0
1,85967.625,Run,0
1,88100.8125,Run,0
1,90354.8515625,Run,0
1,92733.296875,Run,0
1,95240.09375,Run,0
1,97879.53125,Run,0
1,100656.296875,Run,0
1,102988.625,Run,0
1,105455.5625,Run,0
1,108062.703125,Run,0
1,110200.03125,Run,0
1,112467.34375,Run,0
1,114871.3984375,Run,0
1,117409.71875,Jump,0
1,120089.546875,Jump,0
1,122918.515625,Run,0
1,125904.59375,Jump,0
1,129056.15625,Run,0
1,132329.796875,Run,0
1,133431.53125,Jump,0
1,134582.9375,Run,0
1,135781.0,Jump,0
1,137030.34375,Run,0
1,138336.9375,Jump,0
1,139708.734375,Run,0
8,141156.90625,Run,0
8,142697.96875,Run,0
8,144356.09375,Run,0
8,147144.859375,Run,0
8,149992.5625,Run,0
8,152707.84375,Run,0
8,153088.375,Run,0
8,152845.34375,Run,0
8,152618.09375,Run,0
8,152421.09375,Run,0
8,152254.875,Run,0
8,152122.0625,Run,0
8,152024.71875,Run,0
8,151964.625,Melee,0
8,151943.1875,Melee,0
8,152775.140625,Melee,0
8,154452.0,Melee,0
8,156208.109375,Melee,0
8,158043.4375,Melee,0
8,159958.0,Melee,0
8,161951.796875,Melee,0
8,164025.15625,Melee,0
8,166177.421875,Burst,0
8,168408.90625,Melee,0
8,169316.4375,Melee,0
8,170082.109375,Melee,0
8,170847.9375,Run,0
8,171613.59375,Run,0
8,172379.28125,Run,0
8,173144.953125,Run,0
8,173910.625,Run,0
8,174676.5,Run,0
1,174676.5,Run,0
-2,174676.5,Run,0
-2,175442.1875,Run,0
-2,176207.859375,Run,0
-2,176973.53125,Run,0
-2,177739.21875,Run,0
-3,178502.1875,Run,0
-3,180517.140625,Run,0
-3,182532.09375,Run,0
-3,184547.046875,Run,0
-3,186562.0,Run,0
-3,188576.9375,Run,0
-3,190591.90625,Run,0
-3,192606.84375,Run,0
-3,192700.03125,Run,0
-3,195789.234375,Dash,0
-3,199010.09375,Run,0
-3,204522.3125,Run,0
-3,210173.078125,Blast,0
1,213686.96875,Run,0
-2,217200.875,Run,0
-2,221632.0625,Run,0
-2,226115.90625,Run,0
-2,230652.375,Run,0
-1,235241.5,Run,0
1,238860.6875,Run,0
1,242479.875,Blast,0
1,245023.84375,Dash,0
1,247515.15625,Run,0
-2,249953.84375,Run,0
-2,251350.09375,Run,0
-2,252812.125,Run,-1
-2,251381.375,Run,-1
-2,249950.640625,Run,-1
-2,248519.890625,Run,-1
-2,247089.140625,Run,-1
-2,245658.390625,Run,-1
-2,243123.25,Jump,-1
-2,240599.0,Run,-1
-2,238796.5625,Run,-1
-2,238369.4375,Jump,-1
-2,237914.875,Run,-1
-2,235793.796875,Run,-1
-2,235138.75,Run,-1
-2,234462.15625,Run,-1
-2,233727.625,Run,-1
-2,232944.96875,Run,-1
-2,232124.328125,Run,-1
1,232416.125,Run,-1
-2,232690.015625,Run,-1
-2,234089.40625,Run,-1
-2,235549.640625,Melee,-1
-2,237056.875,Melee,-1
-3,238803.203125,Run,-1
-3,242482.640625,Run,-1
-3,246241.3125,Run,-1
-3,250079.21875,Run,-1
-3,253996.34375,Run,-1
-3,257992.71875,Run,-1
-3,262068.328125,Run,-1
-3,266223.15625,Run,-1
-3,269254.5625,Run,-1
-3,272244.6875,Run,-1
-3,275234.78125,Run,-1
-3,278224.90625,Run,-1
-3,281215.0,Run,-1
1,281215.0,Run,-1
-2,281215.0,Run,-1
-2,282351.25,Run,-1
-2,283487.5,Run,-1
-2,284623.71875,Run,-1
-2,285759.96875,Run,-1
-2,286896.21875,Run,-1
-1,288032.46875,Run,-1
-1,287265.875,Run,-1
-1,286579.4375,Run,-1
-1,285972.21875,Jump,-1
-1,285444.25,Jump,-1
-1,284995.53125,Jump,-1
-1,284626.03125,Jump,-1
-1,284335.8125,Run,-1
-1,284124.84375,Run,-1
-1,285134.3125,Run,-1
-1,286223.0,Jump,-1
-1,287390.9375,Run,-1
-1,288638.15625,Run,-1
-1,289964.59375,Run,-1
-1,293126.21875,Jump,-1
-1,294136.75,Blast,-1
-1,293469.875,Jump,-1
-1,292882.28125,Run,-1
-1,292373.9375,Jump,-1
-1,291944.8125,Run,-1
2,291594.96875,Run,-1
1,290168.5,Run,-1
1,290033.78125,Jump,-1
1,289978.3125,Run,-1
1,290002.0625,Run,-1
1,290105.09375,Run,-1
1,290287.375,Run,-1
1,290548.875,Run,-1
1,289733.78125,Blast,-1
1,288997.9375,Run,-1
1,288341.34375,Run,-1
1,287764.0,Run,-1
1,287265.875,Run,-1
1,286847.03125,Run,-1
1,286507.4375,Run,-1
1,286247.0625,Run,-1
1,286065.96875,Jump,-1
1,284365.75,Run,-1
1,284465.125,Run,-1
1,286004.5,Run,-1
1,287670.0,Run,-1
1,289464.375,Run,-1
1,291390.875,Blast,-1
1,293452.96875,Blast,-1
3,293827.15625,Jump,-1
3,290745.6875,Dash,-1
3,287737.75,Dash,-1
3,284803.25,Run,-1
3,281942.3125,Dash,-1
3,279154.84375,Dash,0
3,276440.875,Run,0
3,273800.40625,Run,0
3,271233.4375,Dash,0
3,268568.4375,Run,0
3,265372.3125,Run,0
3,262176.15625,Run,0
3,258980.03125,Run,0
1,255783.90625,Run,0
1,254648.625,Run,0
1,253592.59375,Run,0
1,252615.8125,Run,0
1,251718.3125,Melee,0
8,250900.03125,Melee,0
8,250161.0,Melee,0
8,249501.21875,Burst,-1
8,248182.640625,Burst,-1
8,246977.0625,Burst,-1
8,245862.0625,Melee,-1
8,244837.65625,Melee,-1
8,243903.875,Melee,-1
8,243060.71875,Melee,-1
8,241256.15625,Melee,-1
8,240081.6875,Burst,-1
8,241256.40625,Burst,-1
8,242431.125,Burst,-1
8,243604.6875,Burst,-1
8,244780.375,Melee,-1
8,245955.0625,Burst,-1
8,247129.78125,Melee,-1
8,248304.484375,Melee,-1
8,249477.25,Melee,-1
8,248301.625,Melee,-2
8,247129.59375,Melee,-2
8,245954.875,Melee,-2
8,244780.171875,Melee,-2
8,243605.453125,Melee,-2
8,242428.46875,Melee,-2
8,241256.25,Melee,-2
8,240081.53125,Melee,-2
8,238906.8125,Dash,-2
8,237732.109375,Jump,-2
8,236555.71875,Jump,-2
8,235382.9375,Burst,-2
-1,235382.9375,Run,-2
-1,235382.9375,Run,-2
-1,235382.9375,Dash,-2
-1,235382.9375,Run,-2
-1,235382.9375,Run,-2
-1,235382.9375,Dash,-2
-1,235382.9375,Run,-2
-1,235382.9375,Run,-2
-1,235382.9375,Run,-2
-1,235382.9375,Dash,-2
8,235382.9375,Dash,-2
8,235382.9375,Dash,-2
8,238414.15625,Melee,-2
8,241445.375,Melee,-2
8,244476.59375,Melee,-2
8,247507.8125,Melee,-2
8,251845.65625,Run,-2
8,256235.75,Run,-2
8,260679.71875,Dash,-2
8,265175.875,Jump,-2
8,269724.875,Jump,-2
8,274326.625,Dash,-2
8,278979.96875,Dash,-2
8,283688.25,Dash,-2
8,285179.625,Jump,-2
8,286671.0,Dash,-2
8,288162.375,Run,-2
8,289651.71875,Run,-2
8,289862.46875,Dash,-2
8,290051.5625,Dash,-2
8,290220.625,Run,-2
8,290369.625,Dash,-2
8,290495.6875,Dash,-3
8,292657.46875,Burst,-3
8,294831.0625,Dash,-3
8,297019.5,Run,-3
8,299222.6875,Burst,-3
8,301437.125,Melee,-3
8,303672.5,Melee,-3
8,305920.03125,Melee,-3
8,307355.5625,Melee,-3
8,308665.125,Melee,-3
1,308559.4375,Melee,-3
1,308533.0,Melee,-3
1,310080.25,Melee,-3
1,311706.75,Melee,-3
-1,313412.4375,Melee,-3
-1,313702.9375,Melee,-3
8,314072.6875,Melee,-3
8,314521.65625,Melee,-3
8,315049.84375,Melee,-4
8,315467.46875,Melee,-4
8,315467.46875,Melee,-4
8,313973.0,Melee,-4
8,312478.5625,Melee,-4
8,310982.34375,Melee,-4
8,309489.25,Melee,-4
8,307994.78125,Melee,-4
8,306500.34375,Melee,-4
8,305005.875,Melee,-4
8,305005.875,Melee,-4
8,305005.875,Melee,-4
8,305005.875,Melee,-4
8,305005.875,Melee,-4
8,305005.875,Melee,-4
8,305005.875,Melee,-4
8,306500.34375,Melee,-5
8,307994.78125,Melee,-5
8,309489.25,Melee,-5
8,310983.6875,Melee,-5
8,312474.59375,Melee,-5
8,312474.59375,Melee,-5
8,312474.59375,Melee,-5
8,310980.9375,Melee,-5
8,309487.78125,Melee,-5
8,307993.34375,Melee,-5
8,306498.90625,Melee,-5
8,305004.4375,Melee,-5
8,303507.875,Melee,-5
1,303507.875,Burst,-5
1,303507.875,Run,-5
1,305002.3125,Dash,-5
1,306496.75,Jump,-5
5,307991.21875,Jump,-5
5,307991.21875,Jump,-6
5,308761.15625,Jump,-6
5,309524.5,Melee,-6
5,310287.78125,Melee,-6
5,311051.125,Melee,-6
5,311814.4375,Melee,-6
5,312577.75,Melee,-6
5,313341.0625,Melee,-6
5,313283.5625,Melee,-6
5,313100.0625,Melee,-6
5,312995.78125,Melee,-6
5,312970.75,Melee,-6
5,313024.96875,Melee,-6
5,313158.375,Melee,-6
5,313371.0625,Melee,-6
5,313662.9375,Melee,-6
5,314034.09375,Melee,-6
5,314484.4375,Melee,-6
5,315014.03125,Melee,-6
5,315387.4375,Melee,-6
5,315387.4375,Melee,-6
-1,315387.4375,Melee,-6
1,315387.4375,Run,-6
1,315387.4375,Run,-6
1,316935.125,Jump,-6
1,318482.84375,Run,-6
1,320030.5625,Run,-6
1,321578.25,Run,-6
1,323126.0,Melee,-6
1,324673.6875,Burst,-6
1,326221.40625,Melee,-6
1,327769.125,Melee,-6
1,329316.8125,Melee,-6
1,330864.5625,Melee,-6
1,332412.25,Melee,-6
1,333959.96875,Melee,-6
1,335507.6875,Melee,-6
1,337055.375,Melee,-6
8,338603.125,Run,-6
8,340150.8125,Run,-6
8,339778.65625,Run,-6
8,341932.5,Run,-6
8,343083.3125,Run,-6
8,344975.25,Run,-6
8,347164.125,Run,-6
8,348150.875,Run,-6
8,349408.875,Run,-6
8,350898.3125,Run,-6
8,352312.5625,Run,-6
8,351982.34375,Run,-6
8,351277.375,Run,-6
8,348855.65625,Run,-6
8,345708.84375,Dash,-6
8,345688.1875,Run,-6
8,348164.90625,Melee,-6
8,350588.8125,Melee,-6
8,352959.9375,Melee,-6
8,355278.21875,Melee,-6
8,357543.84375,Melee,-6
8,359756.625,Melee,-6
8,361916.65625,Melee,-6
8,364023.90625,Melee,-6
8,367899.46875,Dash,-6
8,373622.5,Run,-6
8,379398.3125,Run,-6
8,385226.90625,Dash,-6
8,387127.15625,Burst,-6
8,389025.6875,Run,-6
8,390927.21875,Dash,-6
8,390927.21875,Run,-6
1,390927.21875,Run,-6
-2,390927.21875,Run,-6
-2,389026.96875,Run,-6
-2,387126.71875,Run,-6
-2,385226.4375,Run,-6
-2,383326.1875,Run,-6
-1,381425.9375,Run,-6
-1,381425.9375,Run,-6
1,381425.9375,Run,-6
1,381425.9375,Dash,-6
1,383326.1875,Dash,-6
1,385226.4375,Burst,-6
1,387126.71875,Dash,-6
1,389026.96875,Burst,-6
1,390927.21875,Dash,-6
1,392827.46875,Dash,-6
-2,394727.71875,Run,-6
-2,394727.71875,Run,-6
-2,394727.71875,Run,-6
-2,394727.71875,Run,-6
-2,394727.71875,Run,-6
-2,394727.71875,Run,-6
-2,394727.71875,Run,-6
-2,394727.71875,Run,-7
-2,394460.9375,Run,-7
-2,392375.8125,Run,-7
-2,390369.90625,Run,-7
-2,388443.25,Dash,-7
-2,386595.6875,Run,-7
-2,386727.75,Run,-7
-2,388837.6875,Dash,-7
-2,390946.84375,Run,-7
-2,392847.09375,Jump,-7
-2,394747.34375,Burst,-7
-2,396647.59375,Run,-7
-2,398546.8125,Run,-7
-1,398546.8125,Run,-7
1,398546.8125,Dash,-7
-2,398546.8125,Run,-7
-2,396646.53125,Run,-7
-2,394746.28125,Run,-7
-2,392846.03125,Dash,-7
-2,390945.78125,Run,-7
-3,389045.53125,Run,-7
-3,384044.84375,Run,-7
-3,379044.125,Run,-7
-3,374041.34375,Run,-7
-3,369040.65625,Run,-7
-3,364039.96875,Run,-7
-3,359039.25,Run,-7
-3,354038.5625,Run,-7
-3,349037.875,Run,-7
-3,344037.1875,Run,-7
-3,339036.5,Dash,-7
-3,334035.8125,Run,-7
-3,329035.125,Run,-7
1,329035.125,Run,-7
-2,329035.125,Run,-7
-2,327134.875,Run,-7
-2,325234.625,Run,-7
-2,323334.34375,Dash,-7
-2,321434.09375,Run,-7
-2,319533.84375,Run,-7
-2,317633.5625,Run,-7
-2,315733.3125,Run,-7
-2,313833.0625,Run,-7
-2,311932.8125,Run,-7
-2,310032.5625,Run,-7
-2,308132.3125,Run,-7
-2,306232.0625,Run,-7
-2,304331.8125,Run,-7
-2,302431.5625,Dash,-7
-2,300531.28125,Run,-7
-2,298631.03125,Run,-7
-2,296730.78125,Run,-7
-1,294830.5,Run,-7
-1,291027.84375,Jump,-7
-1,287304.875,Jump,-7
-1,283661.125,Jump,-7
-1,280096.625,Jump,-7
-1,276611.40625,Jump,-7
-1,273205.40625,Run,-7
-1,269878.65625,Blast,-7
-1,266631.1875,Jump,-7
-1,263462.90625,Run,-7
-1,260373.9375,Run,-7
-1,258362.71875,Run,-7
-1,256430.78125,Jump,-7
-1,254578.0625,Blast,-7
-1,252804.59375,Jump,-7
-1,251110.40625,Run,-7
-1,249495.4375,Jump,-7
-1,247959.71875,Run,-7
-1,246503.265625,Jump,-7
-1,245126.046875,Run,-7
-1,243828.09375,Run,-7
-1,242609.375,Jump,-7
-1,241469.90625,Run,-7
-1,240409.6875,Jump,-7
-1,239428.703125,Run,-7
-1,235626.453125,Blast,-7
-1,231903.453125,Run,-7
-1,228259.71875,Blast,-7
-1,224695.203125,Jump,-7
-1,221209.953125,Run,-7
-1,217803.953125,Run,-7
-1,214477.21875,Run,-7
-1,211229.71875,Run,-7
-1,208061.46875,Jump,-7
-1,204972.453125,Jump,-7
-1,201962.6875,Run,-7
-1,199032.1875,Run,-7
-1,196180.9375,Run,-7
-1,193408.9375,Run,-7
-1,190716.1875,Run,-7
-1,188102.65625,Run,-7
-1,185568.40625,Jump,-7
-1,183113.40625,Run,-7
-1,180737.625,Run,-7
-1,178441.125,Jump,-7
-1,176223.875,Run,-7
-1,174085.84375,Dash,-7
-1,172027.09375,Run,-7
-1,170047.578125,Jump,-7
-1,168147.3125,Jump,-7
-1,166326.3125,Run,-7
-1,164584.53125,Dash,-7
-1,162922.015625,Jump,-7
-1,161338.75,Jump,-7
-1,159834.71875,Run,-7
-1,158409.96875,Run,-7
-1,157064.4375,Jump,-7
-1,155798.171875,Run,-7
-1,154611.15625,Run,-7
-1,153503.375,Run,-7
-1,152474.875,Jump,-7
-1,151525.59375,Jump,-7
-1,150655.5625,Jump,-7
-1,149864.796875,Run,-7
-1,149153.28125,Jump,-7
-1,148521.0,Jump,-7
-1,147968.0,Blast,-7
-1,147494.21875,Blast,-7
-1,147099.6875,Run,-7
-1,146784.40625,Jump,-7
-1,146548.390625,Run,-7
-1,146391.609375,Run,-7
-1,146314.09375,Run,-7
-1,146315.8125,Run,-7
-1,145744.625,Run,-7
-1,146167.28125,Run,-7
-1,146589.96875,Run,-7
2,147012.625,Run,-7
2,146310.8125,Jump,-7
2,145688.234375,Run,-7
2,145144.90625,Blast,-7
2,144680.84375,Run,-7
2,144296.03125,Jump,-7
2,143990.453125,Run,-7
2,143764.125,Run,-7
1,143617.0625,Run,-7
1,144690.4375,Run,-7
-1,145843.046875,Run,-7
-1,143974.484375,Run,-7
-1,142185.171875,Run,-7
-1,140475.125,Run,-7
-1,138844.3125,Run,-7
-1,137292.75,Run,-7
2,135820.4375,Run,-7
2,135118.625,Run,-7
2,134496.046875,Run,-7
2,133952.734375,Run,-7
2,133488.65625,Jump,-7
2,133103.84375,Jump,-7
2,132798.265625,Run,-7
2,132571.953125,Run,-7
1,132424.875,Run,-7
1,133498.25,Run,-7
-1,134650.859375,Run,-7
-1,132782.296875,Run,-7
-1,130992.9921875,Run,-7
-1,129282.9375,Run,-7
-1,125480.6875,Run,-7
-1,121757.703125,Run,-7
-1,118113.953125,Run,-7
-1,115249.5390625,Jump,-7
-1,113664.546875,Dash,-7
-1,112158.8125,Run,-7
-1,110732.328125,Run,-7
-1,110597.609375,Run,-7
-1,110542.140625,Dash,-7
-1,110964.796875,Run,-7
2,111387.4609375,Run,-7
2,110685.640625,Dash,-7
2,110063.0703125,Run,-7
2,109519.75,Run,-7
2,109055.6796875,Run,-7
2,108670.859375,Run,-7
2,108365.2890625,Dash,-7
2,108138.96875,Jump,-7
1,107991.890625,Run,-7
1,109065.265625,Dash,-7
-1,110217.8828125,Run,-7
-1,108349.3203125,Run,-7
-1,106560.015625,Run,-7
-1,104849.953125,Run,-7
-1,103219.140625,Run,-7
-1,101667.5859375,Run,-7
-1,100195.2734375,Run,-7
-1,100017.84375,Run,-7
-1,100440.5078125,Run,-7
-1,100863.171875,Run,-7
-1,101285.828125,Dash,-7
-1,101708.4921875,Run,-7
-1,102131.15625,Run,-7
-1,102553.8125,Run,-7
-1,102976.4765625,Run,-7
-1,103399.140625,Run,-7
-1,103821.796875,Run,-7
-1,104244.4609375,Run,-7
-1,104667.125,Run,-7
-1,105089.78125,Run,-7
-1,105512.4453125,Run,-7
-1,105935.109375,Dash,-7
-1,106357.765625,Run,-7
-1,106780.4296875,Run,-7
1,107203.09375,Run,-7
1,107625.75,Run,-7
2,110027.921875,Jump,-7
2,110026.203125,Run,-7
2,110103.71875,Jump,-7
2,110260.5,Run,-7
2,110496.5234375,Dash,-7
2,110811.796875,Jump,-7
2,111206.3125,Run,-7
2,111680.09375,Run,-7
2,112233.109375,Run,-7
2,112865.3828125,Run,-7
2,113576.90625,Run,-7
2,114367.6796875,Jump,-7
1,115237.703125,Run,-7
1,117042.8671875,Run,-7
1,118927.28125,Jump,-7
1,120890.9375,Run,-7
1,122933.8515625,Jump,-7
1,125056.015625,Jump,-7
1,127257.421875,Run,-7
1,129538.09375,Run,-7
1,131898.0,Run,-7
1,134337.15625,Run,-7
1,136855.5625,Run,-7
1,139453.21875,Run,-7
1,142130.125,Jump,-7
1,144886.28125,Run,-7
1,147721.6875,Run,-7
1,150636.34375,Dash,-7
1,153630.25,Run,-7
1,156703.390625,Jump,-7
1,159855.796875,Run,-7
1,163087.4375,Run,-7
1,166398.34375,Run,-7
1,169788.5,Jump,-7
1,173257.90625,Run,-7
1,176806.546875,Run,-7
3,180434.4375,Run,-7
3,185435.125,Dash,-7
3,190435.8125,Run,-7
3,195436.5,Burst,-7
3,200437.171875,Run,-7
3,205437.859375,Jump,-7
3,210438.546875,Burst,-7
3,215439.234375,Burst,-7
3,220439.9375,Dash,-7
3,225440.625,Run,-7
3,230441.3125,Run,-7
3,235442.015625,Run,-7
3,240442.703125,Burst,-7
1,245443.40625,Dash,-7
1,247422.90625,Jump,-7
1,249481.65625,Jump,-7
1,251619.65625,Jump,-7
1,253836.90625,Run,-7
1,256133.40625,Jump,-7
1,258509.15625,Run,-7
1,260964.171875,Run,-7
1,263498.40625,Run,-7
1,266111.90625,Dash,-7
1,268804.65625,Dash,-7
1,271576.65625,Jump,-7
1,274427.90625,Run,-7
1,277358.40625,Run,-7
1,280368.15625,Jump,-7
1,283457.125,Run,-7
1,286625.375,Run,-7
1,289872.875,Jump,-7
1,293199.625,Jump,-7
1,296605.625,Run,-7
1,300090.84375,Run,-7
1,303655.34375,Jump,-7
1,307299.09375,Jump,-7
1,311022.0625,Run,-7
1,314824.3125,Run,-7
1,318705.8125,Run,-7
1,322666.53125,Jump,-7
1,326706.5,Run,-7
1,330825.75,Jump,-7
1,335024.25,Run,-7
1,339301.96875,Run,-7
1,343658.9375,Run,-7
1,348095.1875,Blast,-7
1,352610.65625,Blast,-7
1,355047.375,Jump,-7
1,356947.65625,Dash,-7
1,358847.90625,Run,-7
1,360748.15625,Run,-7
1,362648.4375,Run,-7
1,364548.6875,Dash,-7
1,366448.9375,Run,-7
1,368349.1875,Burst,-7
2,370249.4375,Burst,-7
2,370247.71875,Jump,-7
2,370325.25,Run,-7
2,370482.0,Run,-7
2,214555.78125,Run,-7
2,214820.125,Run,-7
2,215163.71875,Jump,-7
1,216228.4375,Run,-7
1,218307.5,Jump,-7
1,220465.78125,Jump,-7
1,222703.34375,Run,-7
1,225020.125,Blast,-7
1,227416.1875,Jump,-7
1,229891.46875,Run,-7
1,232446.015625,Run,-7
1,235079.8125,Run,-7
1,237792.875,Run,-7
1,239741.09375,Run,-7
1,241590.4375,Run,-7
1,243439.765625,Run,-7
1,245289.109375,Dash,-7
1,247138.4375,Run,-7
1,248987.78125,Jump,-7
1,250837.109375,Run,-7
1,252686.4375,Burst,-7
1,254535.765625,Jump,-7
1,256385.078125,Run,-7
1,258234.40625,Run,-7
1,260083.734375,Dash,-7
1,261933.0625,Dash,-7
1,263782.375,Burst,-7
1,265631.71875,Run,-7
1,267481.0625,Burst,-7
1,269330.375,Jump,-7
1,271179.6875,Run,-7
1,273029.03125,Run,-7
0,271395.4375,Run,-6
0,269763.71875,Run,-6
0,268131.96875,Run,-6
0,266500.25,Run,-6
0,264868.5,Dash,-6
0,263236.78125,Run,-6
0,261605.03125,Run,-6
1,261063.40625,Run,-6
1,262722.875,Jump,-6
-2,264461.59375,Jump,-6
-2,264460.3125,Blast,-6
-2,264459.0625,Run,-6
-2,264457.8125,Dash,-6
-2,264456.5625,Run,-6
-2,264455.3125,Run,-6
-2,264454.03125,Run,-6
-2,264452.78125,Run,-6
-2,264451.53125,Run,-6
-2,266378.84375,Run,-6
-2,268385.40625,Jump,-6
-2,270471.25,Jump,-6
-2,272636.3125,Run,-6
-2,274880.625,Dash,-6
-2,277204.1875,Jump,-6
-2,279607.0,Dash,-6
-2,281709.9375,Burst,-6
-2,283559.34375,Jump,-6
-2,285408.65625,Dash,-6
-2,287258.0,Dash,-6
1,287258.0,Run,-6
-2,287258.0,Run,-6
-2,287258.0,Run,-6
-2,287258.0,Run,-6
-2,287258.0,Dash,-6
-2,287258.0,Dash,-6
-2,287258.0,Run,-7
-2,287800.4375,Run,-7
-2,288363.84375,Dash,-7
-2,288927.25,Run,-7
-2,289490.6875,Run,-7
-2,290054.125,Run,-7
-2,290617.53125,Run,-7
-2,291180.9375,Run,-7
-2,291180.9375,Run,-7
-2,291180.9375,Run,-7
-2,290168.09375,Run,-7
-2,289155.25,Run,-7
-2,288142.375,Run,-7
-2,287129.5625,Run,-7
-2,286116.6875,Run,-7
-2,285103.84375,Run,-7
-2,284091.0,Run,-8
-2,283078.125,Run,-8
-2,282065.28125,Run,-8
-2,281052.4375,Run,-8
-2,280039.5625,Run,-8
-2,279026.75,Run,-8
-2,278013.875,Run,-8
-2,277001.03125,Run,-8
-2,275988.1875,Run,-8
-2,274975.3125,Run,-8
-2,273962.46875,Run,-8
-2,272949.625,Run,-8
-2,271936.75,Run,-8
-2,270923.9375,Run,-8
-2,269911.0625,Run,-8
-2,268898.21875,Run,-9
-2,267885.375,Dash,-9
-2,266872.5,Run,-9
-1,264207.125,Run,-9
-1,261541.734375,Run,-9
-1,258876.359375,Run,-9
-1,256210.96875,Run,-9
-1,253545.578125,Dash,-9
-1,250880.203125,Run,-9
-1,248214.8125,Run,-9
-1,245549.421875,Run,-9
-2,242884.046875,Run,-9
-2,240218.65625,Run,-9
-2,237553.265625,Run,-9
-2,234887.890625,Run,-9
-2,234887.890625,Run,-9
-2,234887.890625,Run,-9
-2,233875.046875,Run,-10
-2,234357.8125,Run,-10
-2,234840.0,Run,-10
-2,235322.203125,Run,-10
-2,235804.40625,Run,-10
-2,236286.625,Run,-10
-2,236768.8125,Run,-10
-2,237251.03125,Run,-10
-2,237136.1875,Run,-10
-2,235940.34375,Dash,-10
-2,234824.25,Run,-10
-2,233787.71875,Run,-10
-2,232830.703125,Run,-10
-2,231952.96875,Run,-10
-1,231154.3125,Run,-10
1,230434.5625,Run,-10
-2,229793.484375,Run,-10
-2,227944.125,Dash,-10
-2,226196.0,Run,-10
-2,224333.125,Run,-10
-2,220194.203125,Dash,-10
-2,217798.015625,Run,-10
-2,215501.625,Run,-10
-3,213304.78125,Run,-10
-3,209226.25,Run,-10
-3,205279.3125,Run,-10
-3,201463.8125,Run,-10
-3,197779.28125,Run,-10
-3,194225.921875,Run,-10
-3,190803.9375,Run,-10
-3,187513.53125,Run,-10
-3,183906.28125,Run,-10
-3,178286.015625,Run,-10
-3,174441.65625,Run,-10
-3,170729.3125,Run,-10
-3,167148.90625,Run,-10
1,166579.28125,Dash,-10
-2,166088.78125,Run,-10
-2,163383.875,Run,-10
-2,160731.734375,Run,-10
-2,158132.375,Dash,-10
-2,155585.796875,Run,-10
-2,153092.0,Dash,-10
-2,150650.96875,Run,-10
-2,148262.71875,Run,-10
-2,145927.25,Run,-10
-2,143644.5625,Dash,-10
-1,141414.65625,Run,-10
-1,137373.828125,Jump,-10
-1,133463.8125,Jump,-10
-1,129684.1953125,Jump,-10
-1,125060.75,Run,-10
-1,121322.78125,Run,-10
-1,118777.515625,Run,-10
-1,116397.7734375,Run,-10
-1,114183.2578125,Run,-10
-1,113226.328125,Run,-10
-1,112442.359375,Jump,-10
-1,111832.921875,Run,-10
-1,109435.515625,Run,-10
-1,107182.3125,Run,-10
-1,105070.2421875,Blast,-10
-1,103109.515625,Run,-10
-1,101044.71875,Jump,-10
-1,99114.203125,Blast,-10
-1,97262.640625,Run,-10
-1,95288.3046875,Run,-10
2,93393.2265625,Run,-10
2,92831.578125,Dash,-10
2,92349.1796875,Run,-10
2,91946.03125,Run,-10
2,91622.140625,Run,-10
2,91377.484375,Run,-10
2,91212.09375,Dash,-10
2,91125.9453125,Dash,-10
2,91119.046875,Run,-10
2,91191.3984375,Run,-10
2,91343.0,Jump,-10
2,91573.84375,Run,-10
2,91883.953125,Jump,-10
1,92273.296875,Jump,-10
1,92741.8984375,Run,-10
1,93289.7421875,Run,-10
1,92701.234375,Run,-10
1,92050.515625,Run,-10
1,91521.328125,Run,-10
1,91110.9765625,Run,-10
1,90817.484375,Dash,-10
1,90639.4609375,Run,-10
1,90238.609375,Jump,-10
1,89856.15625,Run,-10
1,89492.09375,Run,-10
1,89146.4140625,Run,-10
1,88819.140625,Jump,-10
1,88510.25,Run,-10
1,87796.1484375,Run,-10
1,86755.984375,Run,-10
8,85839.78125,Run,-10
8,85047.515625,Run,-10
8,84379.203125,Dash,-10
8,83834.84375,Dash,-10
8,84645.265625,Run,-10
8,86222.1171875,Dash,-10
8,86269.8203125,Dash,-10
8,87876.9921875,Run,-10
8,89540.5078125,Run,-10
8,89644.984375,Jump,-10
0,89945.8125,Jump,-9
0,88821.2109375,Jump,-9
0,87797.1640625,Jump,-9
0,86855.34375,Jump,-10
0,86154.4921875,Jump,-10
0,85445.734375,Jump,-10
0,84729.0703125,Jump,-10
1,83802.671875,Jump,-10
1,82553.5,Run,-10
1,81382.28125,Jump,-10
1,80288.0,Run,-10
1,79269.640625,Run,-10
1,78604.4140625,Run,-10
8,78592.625,Jump,-10
8,78678.1875,Dash,-9
8,78858.328125,Run,-10
8,79129.5234375,Melee,-10
8,79487.25,Melee,-10
8,79598.5078125,Melee,-10
8,79837.8125,Melee,-10
8,80207.0,Melee,-10
8,80708.265625,Burst,-10
8,81344.203125,Burst,-10
8,82117.75,Melee,-10
8,83032.2421875,Melee,-10
8,84091.390625,Melee,-10
8,85657.7109375,Melee,-10
8,87377.2265625,Melee,-10
8,89613.1953125,Melee,-10
8,92012.40625,Melee,-10
8,94580.3984375,Melee,-10
8,97323.15625,Melee,-10
8,99681.8046875,Melee,-10
8,101278.3046875,Melee,-10
8,102952.1484375,Melee,-10
8,104705.2265625,Burst,-10
8,106179.0859375,Burst,-10
8,107732.1875,Melee,-10
8,109364.5234375,Melee,-10
8,111076.0859375,Melee,-10
8,112866.890625,Melee,-10
8,114736.921875,Melee,-10
8,116137.953125,Melee,-10
8,116137.953125,Burst,-10
1,116137.953125,Melee,-10
-2,116137.953125,Melee,-10
5,116496.40625,Melee,-10
5,116496.40625,Melee,-11
5,115898.2421875,Melee,-11
5,115305.109375,Melee,-11
5,114711.9765625,Melee,-11
5,114118.84375,Melee,-11
5,113525.703125,Melee,-11
5,112932.5703125,Melee,-11
5,112339.4296875,Melee,-11
5,111746.296875,Melee,-11
-1,111417.5,Melee,-11
1,111234.0234375,Run,-11
1,111129.7734375,Run,-11
1,110806.96875,Jump,-11
1,110563.390625,Run,-11
1,110399.046875,Dash,-11
1,110313.9375,Run,-11
5,110308.0625,Melee,-11
5,110679.21875,Melee,-12
5,111129.609375,Melee,-12
5,111659.234375,Melee,-12
5,112268.0859375,Melee,-12
5,112294.96875,Melee,-12
5,112294.96875,Melee,-12
5,112294.96875,Melee,-12
5,112294.96875,Melee,-12
5,112294.96875,Burst,-12
5,112294.96875,Melee,-12
-1,112294.96875,Melee,-12
1,112294.96875,Melee,-12
-2,112294.96875,Melee,-12
-2,112592.765625,Melee,-12
-2,112890.5625,Melee,-12
-1,113188.359375,Melee,-12
-1,113188.359375,Melee,-12
1,113188.359375,Run,-12
1,113188.359375,Run,-12
8,112890.5625,Run,-12
8,112592.765625,Dash,-12
8,112294.796875,Dash,-13
8,111714.296875,Dash,-13
8,111232.75,Melee,-13
8,110830.4375,Melee,-13
8,110507.359375,Melee,-13
8,110263.015625,Melee,-13
8,110098.953125,Melee,-13
8,110013.546875,Melee,-13
8,109912.84375,Melee,-13
8,109615.046875,Burst,-13
8,109316.2578125,Dash,-13
8,109023.671875,Dash,-13
8,109046.828125,Dash,-13
8,109046.828125,Run,-13
8,109046.828125,Jump,-13
8,109046.828125,Burst,-13
8,109046.828125,Dash,-13
8,109046.828125,Dash,-13
8,109046.828125,Run,-13
8,109046.828125,Run,-13
8,109046.828125,Dash,-13
8,109046.828125,Dash,-13
8,109046.828125,Dash,-13
8,109046.828125,Jump,-13
8,109046.828125,Jump,-13
8,109046.828125,Dash,-13
8,109046.828125,Run,-13
8,109046.828125,Jump,-13
8,109046.828125,Burst,-13
8,109046.828125,Run,-13
1,109031.84375,Run,-13
-2,109031.84375,Run,-13
-1,109031.84375,Jump,-13
1,109031.84375,Dash,-13
1,109031.84375,Dash,-13
-2,109329.640625,Run,-13
-2,109627.4375,Run,-13
-2,109925.234375,Dash,-13
8,110223.03125,Run,-13
8,110520.828125,Run,-13
8,110818.671875,Run,-13
8,111113.9296875,Run,-13
8,111414.2109375,Run,-13
8,111712.0,Melee,-13
8,112009.796875,Melee,-13
8,112307.59375,Melee,-13
8,112603.46875,Melee,-13
8,112903.140625,Melee,-13
8,113200.921875,Melee,-13
8,113498.71875,Melee,-13
8,113796.5234375,Melee,-13
8,114092.96875,Melee,-13
8,114392.046875,Melee,-13
8,114689.84375,Melee,-13
8,114987.640625,Melee,-13
8,115285.4375,Melee,-13
8,115582.453125,Melee,-13
8,115880.984375,Melee,-13
8,116178.7734375,Melee,-13
8,116476.5703125,Melee,-13
8,116774.3671875,Melee,-13
8,117071.7578125,Melee,-13
8,117369.921875,Melee,-13
8,117667.71875,Melee,-13
8,117965.515625,Melee,-13
8,118263.3125,Melee,-13
8,118561.109375,Melee,-13
8,118858.9140625,Melee,-13
8,119156.71875,Run,-13
8,119454.515625,Dash,-13
1,119454.515625,Run,-13
-2,119454.515625,Run,-13
-2,119752.3125,Run,-13
-2,120050.109375,Run,-13
-3,120345.203125,Dash,-13
-3,121128.875,Run,-13
-3,121912.5546875,Run,-13
-3,122696.234375,Run,-13
-3,123479.90625,Run,-13
-3,124263.578125,Dash,-13
-3,125047.2578125,Run,-13
-3,125830.9375,Run,-13
-3,126614.6171875,Run,-13
-3,127398.2890625,Run,-13
-3,128181.96875,Dash,-13
-3,128965.6484375,Dash,-13
-3,129749.328125,Run,-13
1,129749.328125,Run,-13
-2,129749.328125,Run,-13
-2,130047.125,Run,-13
-2,130344.9140625,Run,-13
-2,130642.7109375,Run,-13
-2,130940.5078125,Run,-13
-2,131238.3125,Run,-13
-2,131536.09375,Run,-13
-2,131833.890625,Run,-13
-2,132131.6875,Run,-13
-2,132429.484375,Run,-13
-2,132727.28125,Run,-13
-2,133025.078125,Run,-13
-2,133322.875,Dash,-13
-2,133620.671875,Run,-13
-2,133918.46875,Run,-13
-2,134216.265625,Run,-13
-2,134514.0625,Run,-13
-2,134811.859375,Run,-13
-2,135109.65625,Run,-13
-2,135407.453125,Run,-13
-2,135705.25,Dash,-13
-2,136003.046875,Run,-13
-2,136300.84375,Run,-13
-2,136598.640625,Dash,-13
-2,136896.4375,Run,-13
-1,137194.21875,Run,-13
-1,135589.8125,Run,-13
-1,134064.890625,Run,-13
-1,132619.203125,Run,-13
-1,131252.75,Run,-13
-1,129965.5703125,Jump,-13
-1,128757.6328125,Run,-13
-1,127628.9453125,Run,-13
-1,126579.5078125,Run,-13
-1,125609.3125,Blast,-13
-1,124718.375,Run,-13
-1,123906.671875,Run,-13
-1,123174.234375,Jump,-13
-1,122521.046875,Jump,-13
-1,121947.09375,Jump,-13
-1,121452.3984375,Run,-13
-1,121036.953125,Blast,-13
-1,121271.3515625,Run,-13
-1,121585.0,Run,-13
-1,121977.8984375,Run,-13
-1,122450.03125,Run,-13
-1,123001.4375,Jump,-13
-1,121397.25,Run,-13
-1,119872.3125,Jump,-13
-1,118426.625,Run,-13
-1,117060.1875,Run,-13
-1,115773.0,Jump,-13
-1,114565.0625,Jump,-13
-1,113436.375,Run,-13
-1,112386.9375,Run,-13
-1,111416.734375,Run,-13
-1,110525.796875,Run,-13
-1,109714.109375,Run,-13
-1,108981.6640625,Jump,-13
-1,108328.46875,Jump,-13
-1,107754.53125,Run,-13
-1,107259.828125,Jump,-13
-1,106844.3828125,Dash,-13
-1,106508.1875,Run,-13
-1,106251.234375,Run,-13
-1,106073.546875,Jump,-13
-1,105975.09375,Run,-13
-1,105955.8984375,Jump,-13
-1,106229.921875,Run,-13
-1,106583.203125,Run,-13
-1,107015.71875,Run,-13
-1,107527.4921875,Run,-13
-1,108118.515625,Jump,-13
-1,108788.78125,Run,-13
-1,109538.3125,Run,-13
-1,110367.078125,Run,-13
-1,111275.09375,Run,-13
-1,112262.3671875,Jump,-13
-1,113328.8828125,Jump,-13
-1,114474.6484375,Jump,-13
-1,115699.6640625,Jump,-13
-1,117003.9296875,Jump,-13
-1,118387.4375,Run,-13
-2,118965.25,Run,-13
-2,119263.0546875,Run,-13
-2,119560.8515625,Dash,-13
-2,119858.65625,Run,-13
-2,120156.453125,Run,-13
-2,120454.25,Dash,-13
-2,120752.046875,Run,-13
-2,121049.84375,Run,-13
-2,121347.6484375,Run,-13
-2,121645.4453125,Run,-13
-2,121943.25,Run,-13
-2,122241.046875,Run,-13
-2,122538.84375,Run,-13
-2,122836.640625,Run,-13
-2,123134.4375,Dash,-13
-2,123432.234375,Dash,-13
-2,123730.0390625,Run,-13
-2,124027.84375,Dash,-13
-2,124325.640625,Dash,-13
-2,124623.4375,Run,-13
-2,124921.234375,Run,-13
-2,125248.1328125,Dash,-13
-2,125765.515625,Run,-13
-1,126065.6015625,Run,-13
-1,126363.40625,Jump,-13
-1,126740.4453125,Run,-13
-1,127196.75,Run,-13
-1,127732.296875,Run,-13
-1,128347.09375,Dash,-13
-1,129041.1328125,Run,-13
-1,129814.4296875,Run,-13
-1,130666.96875,Jump,-13
-1,131598.765625,Run,-13
-1,132609.8125,Run,-13
-1,133700.09375,Run,-13
-1,134869.640625,Jump,-13
-1,136118.421875,Run,-13
-1,137446.46875,Jump,-13
-1,138853.75,Jump,-13
-1,140340.28125,Run,-13
-1,141906.078125,Jump,-13
1,143551.109375,Run,-13
1,144679.796875,Jump,-13
1,145887.734375,Jump,-13
1,147174.921875,Run,-13
1,148541.359375,Run,-13
1,149987.03125,Run,-13
1,151511.96875,Run,-13
2,153116.15625,Jump,-13
2,150916.375,Jump,-13
2,148795.84375,Blast,-13
2,146754.5625,Jump,-13
2,144792.53125,Blast,-13
2,142909.75,Jump,-13
2,141106.21875,Jump,-13
2,139381.9375,Run,-13
2,137736.890625,Run,-13
2,136171.109375,Run,-13
2,134760.453125,Dash,-13
2,133650.90625,Run,-13
2,132620.578125,Run,-13
2,131669.59375,Run,-13
2,130797.84375,Jump,-13
2,130005.3515625,Run,-13
2,129292.109375,Dash,-13
2,128633.671875,Run,-13
2,128057.46875,Dash,-13
2,127594.296875,Run,-13
2,127237.9140625,Jump,-13
2,126976.3125,Run,-13
1,126176.90625,Jump,-13
1,125586.96875,Run,-13
1,125140.125,Dash,-13
1,124908.578125,Dash,-13
1,124610.78125,Run,-13
1,124312.9765625,Run,-13
1,124015.1796875,Run,-13
1,123717.375,Dash,-13
2,123399.90625,Run,-13
2,121197.828125,Run,-13
2,119077.296875,Run,-13
2,117036.015625,Run,-13
2,115073.984375,Run,-13
2,113191.203125,Run,-13
2,111387.671875,Run,-13
2,109663.375,Jump,-13
2,108018.34375,Run,-13
1,106452.5625,Jump,-13
1,106035.890625,Run,-13
1,105698.46875,Jump,-13
1,105440.2890625,Run,-13
1,105261.359375,Dash,-13
1,105161.6875,Jump,-13
1,105141.265625,Run,-13
1,105200.0859375,Run,-13
1,105338.15625,Dash,-13
1,105555.4765625,Run,-13
1,105852.046875,Run,-13
1,106227.859375,Run,-13
1,106682.9375,Run,-13
1,107217.25,Dash,-13
1,107830.8203125,Run,-13
1,108523.6328125,Run,-13
1,109295.703125,Jump,-13
1,110147.015625,Run,-13
1,111077.578125,Run,-13
1,112087.390625,Run,-13
1,113176.453125,Run,-13
1,114344.765625,Run,-13
1,114167.875,Jump,-13
1,113870.078125,Dash,-13
2,113572.28125,Jump,-13
2,111370.15625,Jump,-13
2,109249.6328125,Run,-13
2,107208.3515625,Run,-13
2,105246.328125,Run,-13
2,103363.546875,Run,-13
2,101560.015625,Jump,-13
2,99835.734375,Jump,-13
2,98190.703125,Run,-13
2,96624.9140625,Run,-13
2,95138.3828125,Jump,-13
2,93731.09375,Jump,-13
2,92403.0625,Run,-13
2,91154.2734375,Run,-13
2,89984.734375,Dash,-13
2,88894.453125,Jump,-13
2,87883.40625,Run,-13
2,86951.625,Jump,-13
2,86099.078125,Run,-13
-1,212025.375,Run,-13
-1,209779.796875,Jump,-13
-1,207613.46875,Blast,-13
-1,205526.375,Run,-13
-1,203518.53125,Jump,-13
-1,201589.953125,Run,-13
-1,199740.625,Jump,-13
-1,197970.53125,Run,-13
-1,196279.6875,Run,-13
-1,194668.109375,Run,-13
-1,193135.78125,Jump,-13
-1,191682.6875,Jump,-13
-1,190308.84375,Run,-13
-1,189014.265625,Jump,-13
-1,187798.9375,Jump,-13
0,187316.890625,Jump,-12
0,186834.84375,Dash,-12
0,186352.8125,Dash,-12
0,185870.75,Run,-12
0,185388.71875,Run,-12
0,184906.65625,Run,-12
0,184424.625,Run,-12
-1,183630.859375,Run,-12
-1,180989.078125,Jump,-12
-1,177964.703125,Run,-12
-1,175491.4375,Run,-12
-1,173097.4375,Run,-12
-1,170351.21875,Run,-12
-1,167704.390625,Run,-12
-1,165156.9375,Jump,-12
-1,162708.84375,Run,-12
-1,160751.125,Run,-12
1,158872.65625,Run,-12
2,158491.765625,Jump,-12
2,156208.84375,Run,-12
2,154386.09375,Run,-12
2,152642.59375,Run,-12
2,150597.84375,Jump,-12
2,148632.84375,Run,-12
2,147127.09375,Run,-12
2,145700.59375,Run,-12
2,145724.375,Run,-12
2,145807.875,Run,-12
2,145950.890625,Jump,-12
2,146153.4375,Jump,-12
2,146842.78125,Jump,-12
1,147611.390625,Run,-12
1,149243.8125,Run,-12
1,150955.5,Run,-12
1,152264.53125,Jump,-12
1,153648.0,Jump,-12
1,155577.5625,Run,-12
1,157586.34375,Run,-12
1,159674.375,Run,-12
1,161325.390625,Jump,-12
1,163036.0,Jump,-12
1,165341.90625,Run,-12
1,167727.03125,Run,-12
1,170191.40625,Blast,-12
1,172169.59375,Run,-12
1,174782.53125,Run,-12
1,177474.6875,Run,-12
1,180246.09375,Jump,-12
1,183096.71875,Run,-12
1,186026.59375,Run,-12
1,189035.6875,Run,-12
1,192124.03125,Run,-12
1,195291.59375,Jump,-12
1,198538.390625,Run,-12
1,201864.421875,Run,-12
1,205269.6875,Jump,-12
1,208754.1875,Run,-12
1,212317.9375,Jump,-12
1,215960.890625,Run,-12
1,219683.09375,Run,-12
1,222507.453125,Blast,-12
-2,224177.5,Dash,-12
-2,224177.5,Dash,-12
-2,224177.5,Run,-12
-2,222222.40625,Run,-12
-2,220267.3125,Run,-12
-2,218312.21875,Run,-12
-2,216357.109375,Blast,-12
0,213002.96875,Run,-11
0,209689.3125,Run,-11
0,206414.546875,Dash,-11
0,203178.671875,Run,-11
0,199981.6875,Dash,-11
0,196823.59375,Run,-11
0,193704.375,Run,-11
1,191421.84375,Run,-11
1,192590.34375,Jump,-12
1,194103.59375,Run,-12
1,195710.71875,Run,-12
1,197411.34375,Jump,-12
1,199204.890625,Blast,-12
1,201090.703125,Run,-12
-2,203068.15625,Run,-12
-2,203383.125,Run,-12
-2,203250.03125,Run,-12
-2,202322.875,Run,-12
-2,201473.5625,Run,-12
-2,200702.171875,Run,-12
-2,200008.703125,Run,-12
-2,199393.1875,Run,-12
-2,198855.640625,Run,-12
-2,198473.96875,Run,-12
-2,198249.0625,Run,-12
-2,198182.25,Run,-12
-2,198275.21875,Run,-12
-2,198319.46875,Run,-13
-2,197941.734375,Run,-13
-2,197181.90625,Run,-13
-2,196422.0,Run,-13
-2,196898.1875,Dash,-13
-2,197374.375,Run,-13
-2,197830.515625,Run,-13
1,197040.5,Run,-13
1,196250.46875,Run,-13
1,196666.5,Jump,-13
1,197062.484375,Run,-13
1,198255.8125,Dash,-13
1,199451.8125,Run,-13
1,198436.875,Dash,-13
1,197369.171875,Run,-13
-2,196248.6875,Burst,-13
-2,193984.96875,Burst,-13
-2,191721.234375,Burst,-14
-2,189457.5,Burst,-14
0,186184.359375,Burst,-13
0,182950.25,Melee,-13
0,179755.03125,Melee,-13
0,176598.6875,Melee,-13
0,173481.25,Melee,-13
0,170402.703125,Melee,-13
0,169490.65625,Melee,-13
0,168578.59375,Melee,-13
1,168184.90625,Melee,-13
1,168879.390625,Melee,-13
1,168773.75,Melee,-13
-1,168747.328125,Melee,-13
-1,167920.78125,Burst,-13
-1,167173.484375,Melee,-13
-1,166505.40625,Melee,-13
8,165916.5625,Melee,-13
8,165406.96875,Melee,-13
8,165855.9375,Melee,-13
8,167263.5,Melee,-14
8,169120.46875,Burst,-14
8,170439.96875,Melee,-14
8,171718.828125,Melee,-14
8,173012.3125,Melee,-14
8,174321.0625,Melee,-14
8,175643.953125,Melee,-14
8,176981.5625,Melee,-14
8,177835.390625,Melee,-14
8,178645.3125,Melee,-14
8,179534.96875,Melee,-14
8,179571.0625,Melee,-14
8,178753.875,Melee,-14
8,178016.75,Burst,-14
8,177358.21875,Melee,-14
8,176778.96875,Melee,-14
8,176278.9375,Melee,-14
8,175742.15625,Melee,-14
8,174810.21875,Melee,-14
8,173877.9375,Melee,-14
8,172945.625,Melee,-14
8,172013.34375,Melee,-14
8,171081.03125,Melee,-14
8,170148.8125,Melee,-14
8,169216.5,Melee,-14
8,168284.203125,Melee,-14
8,167351.90625,Melee,-14
8,166419.625,Melee,-14
-1,166419.625,Melee,-14
1,166419.625,Run,-14
1,166419.625,Run,-14
1,167351.90625,Dash,-14
5,168284.203125,Burst,-14
5,168284.203125,Burst,-14
5,168284.203125,Burst,-14
5,168284.203125,Burst,-14
5,168284.203125,Burst,-14
5,168284.203125,Burst,-14
5,168284.203125,Burst,-14
5,168284.203125,Burst,-14
5,168284.203125,Burst,-14
5,168284.203125,Burst,-14
1,168284.203125,Burst,-14
1,168284.203125,Run,-14
1,169216.5,Jump,-14
1,170148.796875,Run,-14
1,171081.09375,Run,-14
1,172010.6875,Jump,-14
1,172942.96875,Dash,-14
0,171990.78125,Run,-13
0,171038.75,Run,-13
0,170086.71875,Run,-13
0,169134.671875,Run,-13
0,168182.640625,Run,-13
0,167230.59375,Run,-13
0,166278.5625,Run,-13
1,165876.09375,Run,-13
1,166622.546875,Run,-13
1,167448.25,Jump,-13
1,168353.21875,Run,-13
8,169337.40625,Run,-13
8,170400.875,Run,-13
8,171543.578125,Dash,-12
8,172765.53125,Jump,-12
8,174066.71875,Run,-13
8,175866.375,Run,-13
8,177755.40625,Run,-13
8,179545.96875,Run,-13
8,180937.15625,Dash,-13
8,182342.96875,Jump,-13
8,183761.578125,Melee,-13
8,185198.6875,Melee,-13
8,186130.09375,Melee,-13
8,187012.640625,Burst,-13
8,187974.40625,Burst,-13
8,189012.921875,Melee,-13
8,190135.65625,Melee,-13
8,191335.125,Melee,-13
8,192613.84375,Burst,-13
8,193971.78125,Burst,-13
8,195406.09375,Melee,-13
8,196451.984375,Run,-13
8,197437.0625,Run,-13
8,198422.15625,Run,-13
8,199407.234375,Dash,-13
8,200389.75,Burst,-13
8,201377.25,Burst,-13
8,202362.3125,Burst,-13
8,203347.40625,Burst,-13
8,204332.5,Melee,-13
8,205314.84375,Melee,-13
1,205314.84375,Burst,-13
-2,205314.84375,Melee,-13
-2,206299.9375,Melee,-13
-2,207285.03125,Melee,-13
-2,208270.109375,Melee,-13
-2,209255.1875,Melee,-13
-2,210240.28125,Melee,-13
-2,211225.359375,Melee,-13
-2,212210.4375,Run,-13
-2,213195.53125,Run,-13
-2,214180.625,Run,-13
8,215165.703125,Run,-13
8,216150.78125,Run,-13
8,214228.625,Run,-13
8,215216.4375,Run,-13
8,216282.015625,Run,-13
8,217424.625,Run,-13
0,218471.84375,Run,-12
0,219675.125,Run,-12
0,221034.625,Run,-12
0,222554.4375,Melee,-12
0,224235.4375,Melee,-12
0,224795.28125,Melee,-12
0,225326.25,Melee,-12
0,225505.03125,Melee,-12
0,225505.03125,Burst,-12
0,225505.03125,Burst,-12
0,225505.03125,Melee,-12
0,225505.03125,Melee,-12
0,225505.03125,Melee,-12
0,225505.03125,Melee,-12
0,225505.03125,Melee,-12
0,225505.03125,Melee,-12
0,225505.03125,Burst,-12
0,225505.03125,Melee,-12
0,225505.03125,Melee,-12
0,225505.03125,Melee,-12
0,225505.03125,Melee,-12
0,225505.03125,Melee,-12
0,225505.03125,Melee,-12
0,225505.03125,Melee,-12
0,225505.03125,Melee,-12
0,225505.03125,Melee,-12
0,225505.03125,Melee,-12
0,225505.03125,Melee,-12
0,225505.03125,Melee,-12
0,225505.03125,Melee,-12
0,225505.03125,Melee,-12
0,225505.03125,Melee,-12
0,225505.03125,Melee,-12
0,225505.03125,Melee,-12
0,225505.03125,Melee,-12
0,225505.03125,Melee,-12
0,225505.03125,Melee,-12
0,225505.03125,Melee,-12
0,225505.03125,Melee,-12
0,225505.03125,Melee,-12
0,225505.03125,Melee,-12
0,225505.03125,Melee,-12
0,225505.03125,Melee,-12
0,225505.03125,Melee,-12
0,225505.03125,Melee,-12
0,225505.03125,Melee,-12
0,225505.03125,Melee,-12
0,225505.03125,Melee,-12
0,225505.03125,Melee,-12
0,225505.03125,Melee,-12
0,225505.03125,Melee,-12
0,225505.03125,Melee,-12
0,225505.03125,Melee,-12
0,225505.03125,Melee,-12
0,225505.03125,Melee,-12
0,225505.03125,Melee,-12
0,225505.03125,Melee,-12
0,225505.03125,Melee,-12
0,225505.03125,Melee,-12
0,225505.03125,Melee,-12
0,225505.03125,Melee,-12
