playerAggression,distance,pastNemStates,pastNemStatesENC,nemInput,curReward
1,214369.0,Idle,0
-1,214369.0,Melee,0
-1,214369.0,Run,0
-1,214369.0,Run,0
-1,214369.0,Run,0
-1,214369.0,Run,0
-1,214369.0,Run,0
-1,214369.0,Run,0
-1,214369.0,Run,0
-1,214369.0,Run,0
-1,214369.0,Run,0
-1,214369.0,Run,0
-1,214369.0,Run,0
-1,214369.0,Run,0
-1,214369.0,Run,0
-1,214369.0,Run,0
-2,214369.0,Run,0
-2,214369.0,Run,0
-2,214369.0,Run,0
-2,214369.0,Run,0
-2,214369.0,Run,0
-2,214369.0,Run,0
-2,214369.0,Run,0
-2,214369.0,Run,0
-2,214369.0,Run,0
-2,216197.34375,Jump,0
-2,218046.6875,Run,0
-2,219896.015625,Jump,0
-2,221745.34375,Run,0
-2,223595.21875,Run,0
-2,225444.53125,Run,0
-2,227293.875,Dash,0
-2,229143.203125,Run,0
-2,230992.53125,Run,0
-2,230992.53125,Run,0
-2,230992.53125,Run,0
-2,230992.53125,Run,0
-2,230992.53125,Run,0
-2,230992.53125,Run,0
-2,230992.53125,Run,0
-2,230992.53125,Run,0
-2,229069.96875,Run,0
-2,228180.125,Run,0
-2,227369.515625,Run,0
-2,226638.15625,Run,0
-2,227795.78125,Run,0
-2,229012.078125,Jump,0
-2,230287.53125,Run,0
-2,227648.21875,Run,0
-2,224959.625,Run,0
-2,222370.375,Run,0
-2,219880.40625,Run,0
-2,217489.953125,Run,0
-2,218656.6875,Run,0
-2,219883.0625,Burst,0
-2,221168.046875,Run,0
1,221168.046875,Jump,0
1,221168.046875,Run,0
1,222877.078125,Run,0
1,224586.109375,Jump,0
-2,226295.140625,Run,0
-2,224586.109375,Run,0
-2,222877.078125,Run,0
-2,221168.046875,Run,0
-2,219459.015625,Run,-1
-2,219459.015625,Run,-1
-2,219459.015625,Run,-1
-2,219459.015625,Run,-1
-2,219459.015625,Run,-1
-2,219459.015625,Run,-1
-2,219459.015625,Run,-1
-2,219459.015625,Run,-1
-2,219459.015625,Run,-1
-2,217749.9375,Run,-1
-2,216041.09375,Run,-1
-2,214332.0625,Run,-1
-2,212623.03125,Run,-1
-2,214332.0625,Jump,-1
-2,216041.09375,Dash,-1
-2,217750.125,Run,-1
-2,219459.625,Run,-1
-2,221168.640625,Run,-1
-2,222877.671875,Run,-1
-2,224586.703125,Run,-1
-1,224586.703125,Run,-1
-1,224586.703125,Run,-1
-1,224586.703125,Run,-1
-1,223918.6875,Run,-1
-1,223329.875,Run,-1
-1,222820.25,Run,-1
1,222389.796875,Run,-2
1,222038.5,Run,-2
-2,223415.203125,Run,-2
-2,223212.125,Run,-2
-2,223088.171875,Run,-2
-2,222795.46875,Run,-2
-2,222037.5625,Run,-2
-2,221279.65625,Run,-2
-2,220521.765625,Run,-2
-2,219763.875,Run,-2
-2,219005.96875,Run,-2
-2,219807.0625,Run,-2
-2,219039.125,Run,-2
-2,218271.203125,Run,-2
-2,215974.40625,Run,-2
-2,213698.515625,Dash,-2
-2,211442.09375,Run,-2
-2,208018.25,Run,-2
-2,204647.1875,Run,-2
-2,204187.609375,Run,-3
-2,203675.25,Dash,-3
-2,203110.125,Run,-3
1,201142.015625,Run,-3
1,199173.90625,Run,-3
1,198503.21875,Run,-3
-1,197779.75,Run,-3
-2,195758.875,Run,-3
-2,193738.0,Run,-3
-2,191717.125,Run,-3
-2,191717.125,Run,-3
-2,191717.125,Run,-3
-2,190949.1875,Run,-3
-2,190181.25,Run,-3
-2,189413.3125,Run,-3
-2,188645.390625,Run,-4
-2,188946.703125,Run,-4
-2,190414.5,Run,-4
-2,191897.0625,Run,-4
-2,193394.40625,Run,-4
-2,194906.53125,Run,-4
-2,196433.578125,Run,-4
-2,197975.21875,Run,-4
-2,199531.6875,Jump,-4
-2,200602.9375,Dash,-4
-2,199059.609375,Burst,-4
-2,199409.3125,Run,-4
1,199409.3125,Run,-4
1,199409.3125,Run,-4
1,200601.8125,Run,-4
1,201794.3125,Run,-4
1,202986.8125,Run,-4
-5,204179.3125,Run,-4
-5,204656.328125,Jump,-4
-5,204656.328125,Jump,-4
-5,204656.328125,Jump,-4
-5,204656.328125,Jump,-4
-5,204656.328125,Jump,-4
-5,204656.328125,Jump,-4
-5,204656.328125,Jump,-4
-5,204656.328125,Jump,-4
-5,204656.328125,Jump,-4
-5,204656.328125,Jump,-4
-5,204656.328125,Jump,-4
-5,204656.328125,Jump,-4
-5,204656.328125,Jump,-4
-5,204656.328125,Jump,-4
-5,204656.328125,Jump,-4
-5,204656.328125,Jump,-4
-5,204656.328125,Jump,-4
-5,204656.328125,Jump,-4
-5,204656.328125,Jump,-4
-5,204656.328125,Jump,-4
-5,204656.328125,Jump,-4
-5,204656.328125,Jump,-4
-5,204656.328125,Jump,-4
-5,204656.328125,Jump,-4
-5,204656.328125,Jump,-4
-5,201882.65625,Jump,-4
-5,199236.6875,Jump,-4
-5,196729.53125,Jump,-4
-5,194364.90625,Jump,-4
-5,192139.765625,Jump,-4
-5,190047.375,Jump,-4
-5,188079.921875,Jump,-4
-5,186230.140625,Jump,-4
-5,184491.765625,Jump,-4
-5,182859.71875,Jump,-4
-5,181329.96875,Jump,-4
-5,179899.25,Jump,-4
-5,178565.015625,Jump,-4
-5,177325.203125,Jump,-4
-5,176178.125,Jump,-4
-5,175122.375,Jump,-4
-5,174156.78125,Jump,-4
-5,173280.34375,Run,-4
-5,172492.203125,Run,-4
-5,172148.125,Run,-4
-5,171887.40625,Run,-4
-5,171711.75,Run,-4
-5,171620.71875,Run,-4
-5,171613.90625,Run,-4
1,171691.015625,Run,-4
-1,171851.734375,Run,-4
1,172095.84375,Run,-4
1,172423.109375,Run,-4
8,173889.484375,Run,-4
8,175433.109375,Run,-4
8,177054.625,Run,-4
8,178776.671875,Run,-4
8,180600.75,Run,-4
8,182528.484375,Run,-4
8,184561.125,Run,-4
8,186700.5,Run,-4
8,188948.40625,Run,-4
8,191306.4375,Burst,-4
0,192578.921875,Burst,-3
0,192423.375,Burst,-3
0,192267.8125,Melee,-3
0,192112.25,Melee,-3
0,191956.703125,Melee,-3
0,191801.15625,Burst,-3
0,191645.59375,Burst,-3
1,191614.46875,Melee,-3
1,192653.234375,Burst,-3
-1,193692.0,Melee,-3
1,193692.0,Melee,-3
1,193692.0,Melee,-3
1,192653.234375,Melee,-3
1,191614.46875,Melee,-3
1,190575.71875,Melee,-3
-2,189536.96875,Melee,-3
-2,188498.21875,Burst,-3
-2,187459.453125,Melee,-3
-2,186420.703125,Melee,-3
-2,185381.9375,Melee,-3
-2,184343.1875,Melee,-3
8,183304.4375,Run,-3
8,182265.6875,Run,-3
8,181228.625,Run,-3
8,180189.84375,Run,-3
8,179151.09375,Run,-3
8,180189.84375,Run,-3
8,181228.59375,Run,-3
8,182267.359375,Run,-2
8,183306.328125,Run,-2
8,184345.078125,Run,-2
8,185383.84375,Run,-2
8,186351.75,Run,-2
8,187446.25,Run,-2
8,188657.40625,Run,-2
8,189982.28125,Run,-2
8,189348.1875,Melee,-2
8,188821.78125,Melee,-2
8,188340.625,Burst,-2
8,187938.90625,Burst,-2
8,187616.421875,Burst,-2
8,187373.15625,Burst,-2
8,187209.140625,Burst,-2
8,188159.9375,Melee,-2
8,189189.96875,Melee,-2
8,190299.25,Melee,-2
8,191487.75,Melee,-2
8,192755.484375,Burst,-2
8,194102.453125,Melee,-2
8,194603.84375,Melee,-2
8,194603.84375,Melee,-2
8,194603.84375,Melee,-2
8,194603.84375,Melee,-2
8,194603.84375,Melee,-2
8,194603.84375,Melee,-2
8,194603.84375,Melee,-2
8,194603.84375,Burst,-2
8,194603.84375,Burst,-2
8,194603.84375,Burst,-2
8,194603.84375,Burst,-2
8,194603.84375,Melee,-2
8,194603.84375,Melee,-2
8,194603.84375,Melee,-2
8,194603.84375,Melee,-2
8,194603.84375,Melee,-2
8,194603.84375,Melee,-2
8,194603.84375,Melee,-2
8,194603.84375,Melee,-2
8,195639.640625,Melee,-3
8,197102.03125,Melee,-3
8,198575.78125,Melee,-3
8,200064.296875,Melee,-3
8,201567.59375,Melee,-3
8,203085.953125,Melee,-3
8,204618.8125,Melee,-3
8,206166.4375,Burst,-3
0,205236.03125,Melee,-2
0,204306.28125,Melee,-2
0,203376.53125,Melee,-2
0,202446.78125,Melee,-2
0,201517.03125,Melee,-2
0,200587.28125,Melee,-2
-1,199657.53125,Run,-2
1,199357.421875,Run,-2
1,200379.875,Run,-2
1,201480.125,Run,-2
1,202658.171875,Run,-3
8,203914.0,Burst,-3
8,205247.625,Burst,-3
8,206659.0625,Melee,-3
8,208128.734375,Melee,-3
8,209196.8125,Melee,-3
8,210285.09375,Melee,-3
8,211372.46875,Melee,-3
8,212459.828125,Melee,-3
8,213547.203125,Melee,-3
8,214633.1875,Melee,-3
8,215721.71875,Melee,-3
8,216809.078125,Melee,-3
8,217896.4375,Melee,-3
8,218983.8125,Melee,-3
8,218983.8125,Melee,-3
8,218983.8125,Melee,-3
8,218983.8125,Melee,-3
8,218983.8125,Melee,-3
8,218983.8125,Melee,-3
8,218983.8125,Melee,-3
8,218983.8125,Melee,-3
8,218983.8125,Melee,-3
8,219063.0625,Melee,-3
8,219221.53125,Melee,-3
8,219459.21875,Melee,-3
8,219776.15625,Melee,-3
8,220172.3125,Melee,-3
8,220647.71875,Melee,-3
8,220829.71875,Melee,-3
8,220829.71875,Melee,-3
8,220829.71875,Melee,-3
8,220829.71875,Melee,-3
8,220829.71875,Melee,-3
8,220829.71875,Melee,-3
8,220829.71875,Melee,-3
8,219742.34375,Run,-4
8,217584.3125,Dash,-4
8,215450.46875,Dash,-4
8,213331.375,Run,-4
8,211224.6875,Run,-4
8,209137.78125,Run,-4
8,207063.03125,Run,-4
8,205003.0625,Run,-4
8,203558.9375,Run,-4
8,202444.875,Run,-4
8,201219.78125,Run,-4
8,199938.90625,Run,-4
8,198558.484375,Run,-4
8,197130.5625,Run,-4
8,195689.71875,Melee,-4
8,194261.625,Melee,-4
8,193629.171875,Melee,-4
8,194084.0,Melee,-4
8,194618.09375,Melee,-4
8,195918.375,Melee,-5
8,196926.40625,Melee,-5
8,197934.3125,Melee,-5
8,198942.5625,Melee,-5
8,199950.59375,Melee,-5
8,200958.609375,Dash,-5
8,201966.640625,Dash,-5
8,202973.984375,Dash,-5
8,203982.625,Run,-5
8,204990.625,Run,-5
1,204990.625,Run,-5
-2,204990.625,Run,-5
-2,205998.65625,Run,-5
-2,207006.6875,Run,-5
-2,208014.71875,Melee,-5
-1,209022.75,Melee,-5
-1,209022.75,Melee,-5
-1,209022.75,Melee,-5
1,209022.75,Melee,-5
1,209022.75,Melee,-5
-2,208014.71875,Melee,-5
-2,208014.71875,Melee,-5
-2,208014.71875,Melee,-5
-2,208014.71875,Melee,-5
-2,208014.71875,Melee,-5
-2,208014.71875,Melee,-5
-2,208014.71875,Melee,-5
-2,208014.71875,Melee,-5
-2,207004.21875,Melee,-5
-2,205998.828125,Melee,-5
-2,204990.8125,Melee,-5
-2,203982.78125,Melee,-5
-2,202974.75,Burst,-5
-2,201964.8125,Run,-5
-2,200958.875,Run,-5
-2,199950.828125,Run,-5
-2,198942.796875,Jump,-5
-2,197934.78125,Jump,-5
-2,196925.5,Jump,-5
1,196925.5,Jump,-5
-2,196925.5,Burst,-5
-2,195917.46875,Burst,-5
-2,194909.453125,Melee,-5
-2,194909.453125,Melee,-5
-2,194909.453125,Burst,-5
-2,194909.453125,Melee,-5
-2,194909.453125,Melee,-5
-2,194909.453125,Melee,-5
-2,194909.453125,Melee,-5
-2,194909.453125,Melee,-5
-2,194909.453125,Melee,-5
-2,195918.96875,Melee,-5
-2,196926.96875,Melee,-5
-2,197934.875,Melee,-5
-2,198943.125,Melee,-5
-2,199951.15625,Melee,-5
-2,200959.171875,Run,-5
-2,201967.203125,Dash,-5
-2,202974.53125,Dash,-5
-2,203983.1875,Dash,-5
-2,202254.875,Melee,-5
-2,200473.8125,Melee,-5
1,197711.125,Melee,-5
-2,194948.4375,Run,-5
-1,193061.828125,Run,-5
-1,190272.75,Run,-5
1,187483.65625,Run,-5
1,184694.59375,Run,-5
1,181134.984375,Run,-5
1,177628.15625,Dash,-5
1,174174.109375,Dash,-5
1,170772.84375,Dash,-5
-5,170081.46875,Dash,-5
-5,169804.9375,Run,-5
-5,170810.625,Run,-5
-5,169907.3125,Run,-5
-5,170728.46875,Run,-5
-5,171628.15625,Run,-5
-5,172606.53125,Run,-5
-5,173663.734375,Run,-5
-5,174800.0625,Run,-5
-5,176015.8125,Run,-5
-5,177311.265625,Run,-5
-5,178686.75,Run,-5
-5,180142.4375,Run,-5
-5,181678.3125,Run,-5
-5,182838.1875,Run,-5
-5,183843.90625,Run,-5
-5,182947.0,Run,-5
-5,183762.296875,Run,-5
-5,184653.78125,Run,-5
-5,185621.46875,Run,-5
-5,186665.625,Run,-5
-5,187786.875,Run,-5
-5,188986.203125,Run,-5
-5,190265.0625,Burst,-5
-5,191625.359375,Burst,-4
-5,191625.359375,Burst,-4
-5,191625.359375,Melee,-4
-5,191625.359375,Melee,-4
-5,191625.359375,Melee,-4
-5,191625.359375,Melee,-4
-5,191625.359375,Melee,-4
-5,191625.359375,Melee,-4
-5,191625.359375,Melee,-4
-5,191625.359375,Melee,-4
-5,191625.359375,Melee,-4
-5,191625.359375,Melee,-4
-5,191625.359375,Melee,-4
-5,191625.359375,Burst,-4
-5,191625.359375,Burst,-4
-5,191625.359375,Melee,-4
-5,191625.359375,Melee,-4
-5,191625.359375,Melee,-4
-5,191625.359375,Melee,-4
-5,191625.359375,Burst,-4
-5,191625.359375,Melee,-4
-5,191625.359375,Melee,-4
-5,191625.359375,Melee,-4
-5,191625.359375,Melee,-4
-5,191625.359375,Melee,-4
1,191625.359375,Melee,-4
1,191625.359375,Melee,-4
1,190704.828125,Melee,-4
1,189784.296875,Burst,-4
1,188863.78125,Burst,-4
1,187943.25,Melee,-4
1,187022.71875,Melee,-4
1,186181.421875,Melee,-4
-1,185419.359375,Burst,-4
-1,185657.0625,Run,-4
-1,185974.0,Run,-4
-1,186345.40625,Run,-4
1,186345.40625,Run,-4
-2,186345.40625,Run,-4
-2,187265.9375,Run,-4
-2,188186.453125,Dash,-4
-2,189106.984375,Run,-4
-2,190027.515625,Run,-4
-2,190948.03125,Run,-4
8,191868.5625,Run,-4
8,192789.09375,Melee,-4
8,192789.09375,Melee,-4
8,192789.09375,Melee,-4
8,191868.5625,Melee,-5
8,189950.5,Melee,-5
8,188055.96875,Melee,-5
8,186176.234375,Melee,-5
8,184310.375,Melee,-5
8,182460.765625,Melee,-5
8,181501.5,Melee,-5
8,180542.21875,Melee,-5
8,181007.53125,Melee,-5
8,181689.28125,Melee,-5
8,182454.125,Melee,-5
8,183296.5,Melee,-5
8,184218.125,Burst,-5
8,185218.984375,Burst,-5
8,186297.40625,Burst,-5
8,185722.71875,Run,-5
8,185227.0,Run,-5
8,184810.265625,Dash,-6
8,184472.75,Dash,-6
8,183976.59375,Dash,-6
8,183108.46875,Dash,-6
8,182241.78125,Melee,-6
8,181374.5,Melee,-6
8,180507.21875,Melee,-6
8,180507.21875,Melee,-6
8,180507.21875,Melee,-6
8,180507.21875,Melee,-6
1,180507.21875,Melee,-6
-2,180507.21875,Melee,-6
-2,181374.5,Melee,-6
-2,182241.75,Melee,-6
-1,183109.03125,Melee,-6
1,183109.03125,Melee,-6
1,183109.03125,Melee,-6
1,182241.75,Melee,-6
1,181374.5,Melee,-6
1,180507.21875,Melee,-6
1,179639.96875,Melee,-6
-1,178772.6875,Melee,-6
1,178772.6875,Melee,-6
-2,178772.6875,Melee,-6
-2,179639.96875,Melee,-6
-2,180507.21875,Melee,-6
-2,181374.5,Melee,-6
-1,182241.75,Melee,-6
-1,182241.75,Melee,-6
1,182241.75,Melee,-6
1,182241.75,Melee,-6
1,181374.5,Melee,-6
8,180507.21875,Melee,-6
8,179639.96875,Melee,-6
8,178771.46875,Melee,-7
8,178489.21875,Melee,-7
8,178307.09375,Melee,-7
8,179069.65625,Melee,-7
8,179915.4375,Melee,-7
8,180838.25,Melee,-7
8,181840.3125,Melee,-7
8,182054.34375,Melee,-7
8,182239.9375,Melee,-7
8,182239.9375,Melee,-7
8,181372.671875,Melee,-8
8,180505.40625,Melee,-8
8,179638.140625,Melee,-8
8,178769.640625,Melee,-8
8,177903.3125,Melee,-8
8,177036.03125,Melee,-8
8,176168.765625,Run,-8
8,177036.03125,Run,-8
8,177903.296875,Jump,-8
8,178770.5625,Jump,-8
8,179635.0625,Jump,-8
8,179635.0625,Jump,-8
8,179635.0625,Jump,-8
8,179635.0625,Melee,-8
8,179635.0625,Melee,-8
8,178768.78125,Melee,-9
8,177902.375,Melee,-9
8,177035.09375,Melee,-9
8,176167.84375,Dash,-9
1,176167.84375,Dash,-9
-2,176167.84375,Dash,-9
-2,177035.09375,Dash,-9
-2,177902.375,Dash,-9
-1,178769.625,Run,-9
-1,178769.625,Dash,-9
-1,178769.625,Melee,-9
1,178769.625,Melee,-9
1,178769.625,Melee,-9
8,177902.375,Burst,-9
8,177035.09375,Burst,-9
8,176167.84375,Dash,-9
8,175300.5625,Run,-9
8,176167.84375,Run,-9
8,177035.09375,Run,-9
8,177902.375,Dash,-9
8,178769.625,Dash,-9
8,179634.15625,Dash,-9
8,180503.59375,Melee,-9
8,180503.59375,Melee,-9
8,180503.59375,Melee,-9
8,180503.59375,Burst,-9
8,180503.59375,Melee,-9
8,180503.59375,Melee,-9
8,180503.59375,Melee,-9
8,180503.59375,Melee,-9
8,180503.59375,Burst,-9
8,180503.59375,Melee,-9
8,180503.59375,Melee,-9
8,179636.3125,Melee,-10
8,178767.828125,Melee,-10
8,177901.46875,Melee,-10
8,177034.1875,Melee,-10
8,176166.9375,Dash,-10
8,175299.671875,Run,-10
8,174431.671875,Run,-10
8,173565.296875,Run,-10
8,172698.015625,Dash,-10
8,171830.75,Dash,-10
8,170963.5,Dash,-10
1,170963.5,Burst,-10
-2,170963.5,Burst,-10
-2,170096.21875,Melee,-10
-2,169228.953125,Melee,-10
-2,168361.6875,Melee,-10
-2,167494.40625,Melee,-10
-2,166627.15625,Melee,-10
-2,165759.875,Melee,-10
-2,164892.609375,Melee,-10
-2,164025.34375,Melee,-10
-2,163158.0625,Melee,-10
-2,162290.8125,Run,-10
-2,161423.53125,Run,-10
-2,160556.265625,Run,-10
-2,159689.0,Run,-10
-3,158821.734375,Run,-10
-3,156539.453125,Run,-10
-3,154257.171875,Run,-10
-3,151974.890625,Run,-10
-3,149692.609375,Run,-10
-3,147410.328125,Run,-10
-3,145128.046875,Run,-10
-3,142845.765625,Run,-10
-3,140563.484375,Run,-10
-3,138281.203125,Run,-10
-3,135998.921875,Dash,-10
-3,133716.640625,Run,-10
-3,131434.359375,Run,-10
1,131434.359375,Run,-10
-2,131434.359375,Run,-10
-2,130567.0859375,Dash,-10
-2,129699.8203125,Dash,-10
-2,128832.5546875,Run,-10
-2,127965.2890625,Run,-10
-2,127098.0234375,Run,-10
-1,126230.7578125,Run,-10
-1,123507.875,Run,-10
-1,121685.09375,Jump,-10
-1,119941.609375,Jump,-10
-1,118277.3828125,Run,-10
-1,116692.3984375,Run,-10
-1,115186.6640625,Run,-10
-1,113760.1796875,Jump,-10
-1,112412.9453125,Run,-10
-1,112286.1328125,Jump,-10
-1,112238.578125,Run,-10
-1,112661.2421875,Run,-10
-1,113083.90625,Dash,-10
2,113506.578125,Run,-10
2,112152.34375,Run,-10
2,110877.359375,Run,-10
2,109681.625,Run,-10
2,108565.140625,Jump,-10
2,107527.90625,Run,-10
2,106569.9140625,Run,-10
1,105691.1796875,Jump,-10
1,106104.203125,Jump,-10
1,106596.4765625,Run,-10
-1,107168.0,Jump,-10
-1,106403.7578125,Run,-10
-1,103634.5078125,Jump,-10
-1,100944.515625,Run,-10
-1,98333.765625,Jump,-10
-1,95802.265625,Jump,-10
-1,93350.0078125,Jump,-10
-1,91570.3984375,Run,-10
-1,90143.921875,Jump,-10
-1,90009.203125,Run,-10
-1,89953.734375,Run,-10
-1,90376.390625,Run,-10
2,90799.0546875,Run,-10
2,89444.828125,Run,-10
2,88169.84375,Run,-10
2,86974.109375,Run,-10
2,85857.625,Run,-10
2,84820.390625,Run,-10
1,83862.3984375,Jump,-10
1,84267.5,Run,-10
1,84751.8515625,Run,-10
-1,85315.4453125,Dash,-10
-1,84543.28125,Run,-10
-1,83850.3671875,Jump,-10
-1,81081.1171875,Jump,-10
-1,78391.125,Run,-10
-1,75780.375,Run,-10
-1,73522.7421875,Run,-10
-1,71937.7578125,Dash,-10
-1,70432.0234375,Jump,-10
-1,70289.375,Run,-10
-1,70225.96875,Run,-10
-1,70648.625,Dash,-10
-1,71071.2890625,Run,-10
-1,69717.0546875,Jump,-10
-1,68442.078125,Run,-10
-1,67246.34375,Jump,-10
-1,66129.859375,Run,-10
1,65092.62109375,Run,-10
1,65489.796875,Run,-10
1,65966.21875,Run,-10
1,66521.890625,Run,-10
1,67156.8125,Run,-10
-1,67870.984375,Run,-10
1,67249.390625,Run,-10
1,66707.046875,Jump,-10
1,66243.953125,Run,-10
1,65860.109375,Run,-10
-1,65555.5078125,Run,-10
-1,65330.1640625,Run,-10
-1,65478.9453125,Run,-10
-1,65901.609375,Burst,-10
-1,66324.265625,Dash,-10
1,66746.9296875,Jump,-10
1,67169.59375,Run,-10
1,67671.5,Run,-10
1,68252.65625,Jump,-10
1,68913.0625,Dash,-10
1,69652.71875,Run,-10
1,70471.625,Run,-10
1,71369.78125,Run,-10
1,72347.1875,Run,-10
1,73403.84375,Run,-10
1,74539.75,Jump,-10
1,75754.8984375,Run,-10
1,77049.296875,Run,-10
1,78422.953125,Jump,-10
1,79875.8515625,Run,-10
1,81408.0,Dash,-10
1,83019.3984375,Run,-10
1,84710.046875,Run,-10
1,86479.9375,Jump,-10
1,88329.09375,Run,-10
1,90257.484375,Run,-10
1,92265.125,Jump,-10
1,94352.0234375,Run,-10
1,96518.1640625,Run,-10
-1,98763.5546875,Jump,-10
-1,101088.1953125,Dash,-10
-1,101510.8515625,Run,-10
-1,101933.515625,Run,-10
-1,102356.1796875,Run,-10
-1,102778.8359375,Run,-10
-1,103201.5,Run,-10
-1,103624.15625,Run,-10
-1,104046.8203125,Dash,-10
-1,104469.4765625,Dash,-10
1,104892.140625,Run,-10
1,105314.8046875,Jump,-10
1,105816.7109375,Run,-10
1,106397.8671875,Run,-10
1,107058.28125,Jump,-10
1,107797.9453125,Run,-10
-1,108616.859375,Jump,-10
-1,109515.015625,Run,-10
-1,109937.6796875,Run,-10
-1,110360.34375,Run,-10
2,110783.015625,Run,-10
2,109428.78125,Run,-10
2,108153.796875,Run,-10
2,106958.0625,Jump,-10
2,105841.578125,Run,-10
2,104804.34375,Run,-10
1,103846.3515625,Run,-10
1,104251.4609375,Jump,-10
1,104735.8125,Run,-10
1,105299.3984375,Run,-10
-1,105942.25,Jump,-10
-1,105249.3359375,Jump,-10
-1,104635.6640625,Run,-10
-1,101866.421875,Run,-10
-1,99176.421875,Run,-10
-1,96565.671875,Run,-10
-1,94034.171875,Run,-10
-1,92174.9921875,Run,-10
-1,90669.2578125,Run,-10
-1,89242.765625,Run,-10
-1,89108.046875,Jump,-10
-1,89052.578125,Run,-10
-1,89475.2421875,Run,-10
1,89897.90625,Run,-10
1,90320.5625,Run,-10
1,90822.46875,Run,-10
1,91403.6328125,Run,-10
1,92064.0390625,Jump,-10
1,92803.6953125,Run,-10
1,93622.6015625,Run,-10
-1,94520.7578125,Run,-10
-1,95498.1640625,Run,-10
-1,95920.8203125,Run,-10
-1,96343.484375,Run,-10
-1,96766.1484375,Run,-10
-1,97188.8046875,Run,-10
-1,97611.46875,Run,-10
-1,98034.125,Run,-10
-1,98456.7890625,Run,-10
-1,98879.4453125,Run,-10
-1,99302.109375,Run,-10
-1,99724.7734375,Run,-10
-1,100147.4296875,Run,-10
-1,100570.09375,Run,-10
-1,100992.75,Run,-10
-1,101415.4140625,Run,-10
-1,101838.0703125,Run,-10
-1,102260.734375,Run,-10
2,102683.390625,Run,-10
2,101329.1640625,Run,-10
2,100054.171875,Run,-10
2,98858.4453125,Run,-10
2,97741.9609375,Run,-10
2,96704.71875,Run,-10
2,95746.734375,Jump,-10
1,94868.0,Jump,-10
1,95281.0234375,Run,-10
1,95773.2890625,Run,-10
1,96344.8203125,Run,-10
1,96447.8359375,Jump,-10
1,96630.109375,Run,-10
1,96891.6328125,Jump,-10
1,97232.40625,Dash,-10
1,97652.421875,Run,-10
1,98151.6953125,Jump,-10
1,98730.2109375,Run,-10
1,99387.9765625,Jump,-10
-1,99257.7265625,Jump,-10
-1,96488.484375,Run,-10
-1,93798.484375,Run,-10
-1,91187.734375,Run,-10
-1,88656.234375,Jump,-10
-1,86203.984375,Jump,-10
-1,84424.375,Run,-10
-1,84281.71875,Jump,-10
-1,84218.3125,Jump,-10
-1,84640.984375,Run,-10
-1,85063.640625,Run,-10
-1,85486.296875,Run,-10
-1,85908.9609375,Run,-10
-1,86331.625,Run,-10
-1,86754.28125,Run,-10
-1,87176.9375,Run,-10
-1,87599.6015625,Run,-10
-1,88022.265625,Run,-10
-1,88444.921875,Run,-10
-1,88867.5859375,Run,-10
-1,89290.25,Run,-10
-1,89712.90625,Run,-10
-1,90135.5625,Run,-10
-1,90558.2265625,Run,-10
-1,90980.890625,Run,-10
-1,91403.546875,Dash,-10
1,91826.2109375,Run,-10
1,92248.8671875,Run,-10
1,92750.78125,Run,-10
1,93331.9375,Jump,-10
1,93992.34375,Run,-10
1,94732.0078125,Jump,-10
1,95550.9140625,Jump,-10
1,96449.0625,Run,-10
1,97426.46875,Jump,-10
-1,98483.125,Jump,-10
-1,99619.03125,Run,-10
-1,100041.6875,Run,-10
1,100464.3515625,Run,-10
1,100887.0078125,Run,-10
1,101388.921875,Jump,-10
1,101970.078125,Run,-10
1,102630.484375,Blast,-10
1,103370.140625,Run,-10
-1,104189.046875,Run,-10
-1,105087.203125,Run,-10
-1,105509.8671875,Run,-10
-1,105932.53125,Run,-10
1,106355.1875,Run,-10
1,106777.8515625,Run,-10
1,107279.765625,Run,-10
1,107860.9296875,Run,-10
1,108521.34375,Jump,-10
-1,109261.0078125,Run,-10
-1,110079.921875,Run,-10
-1,110502.5859375,Run,-10
-1,110925.25,Run,-10
1,111347.9140625,Run,-10
1,111770.578125,Jump,-10
1,112272.4921875,Jump,-10
1,112853.65625,Run,-10
-1,113514.0703125,Run,-10
-1,114253.3984375,Run,-10
-1,114676.0625,Run,-10
-1,115098.7265625,Dash,-10
-1,115521.390625,Dash,-10
-1,115944.0546875,Run,-10
-1,214369.0,Run,-10
1,214369.0,Run,-10
-2,214369.0,Run,-10
-2,212519.65625,Dash,-10
-2,210051.921875,Run,-10
-2,206666.78125,Run,-10
-2,203334.421875,Dash,-10
-1,200054.84375,Run,-10
-1,198561.78125,Run,-10
-1,197068.734375,Run,-10
-1,195575.6875,Run,-10
-1,194082.625,Run,-10
-1,192589.578125,Run,-10
-1,191096.53125,Run,-10
-1,189603.46875,Run,-10
-1,188110.40625,Dash,-10
-1,186617.34375,Run,-10
-1,186617.34375,Dash,-10
-1,184694.40625,Run,-10
-1,184127.15625,Run,-10
-1,183559.90625,Run,-10
-1,183071.90625,Run,-10
-1,182663.125,Run,-10
-1,182333.5625,Run,-10
-1,182083.203125,Run,-10
-1,181912.046875,Run,-10
-1,181820.125,Run,-10
-1,181490.734375,Run,-10
-1,180923.375,Run,-10
-1,180356.015625,Run,-10
-1,179788.65625,Run,-10
-1,179221.296875,Run,-10
-1,178653.9375,Run,-10
-1,178086.578125,Run,-10
1,177519.21875,Run,-10
1,176951.859375,Run,-10
1,177726.65625,Jump,-10
1,178481.40625,Dash,-10
-2,179813.53125,Burst,-10
-2,179813.53125,Dash,-10
-2,179813.53125,Run,-10
-2,179813.53125,Run,-10
-2,179813.53125,Run,-10
-2,179813.53125,Run,-10
-2,179813.53125,Run,-10
-2,179813.53125,Run,-10
-2,179813.53125,Dash,-10
-2,179813.53125,Run,-10
-2,179813.53125,Run,-10
-2,179813.53125,Run,-10
-2,179813.53125,Run,-10
-2,179813.53125,Dash,-10
-2,179813.53125,Run,-10
-2,179813.53125,Dash,-10
-2,179813.53125,Run,-10
-2,179813.53125,Run,-10
-2,181145.625,Run,-10
-2,182478.5625,Run,-11
1,182669.65625,Jump,-11
1,182860.515625,Run,-11
1,184405.6875,Run,-11
1,185965.65625,Run,-11
1,187540.375,Run,-11
1,189129.875,Burst,-11
-1,190731.515625,Run,-11
-1,190565.78125,Run,-11
1,189713.5625,Run,-11
-2,188940.625,Run,-11
-2,188246.96875,Run,-11
-2,187632.5625,Run,-11
-2,187097.375,Run,-11
-2,186641.390625,Run,-11
-2,186264.578125,Run,-11
-2,185966.921875,Run,-11
-2,185748.40625,Run,-11
-2,185609.03125,Run,-11
-2,185338.265625,Run,-11
-2,182766.21875,Run,-11
-2,181916.703125,Run,-11
-2,182394.125,Run,-11
-2,182928.15625,Jump,-11
-2,183521.421875,Dash,-12
-2,182137.59375,Dash,-12
-2,180275.078125,Run,-12
-2,178412.5625,Dash,-12
-2,176550.03125,Run,-12
-2,174687.53125,Run,-12
-2,172825.0,Run,-12
-2,170962.484375,Run,-12
-2,169099.96875,Dash,-12
-2,167237.453125,Dash,-12
-2,165374.9375,Dash,-13
-2,163512.40625,Dash,-13
-2,161649.890625,Dash,-13
-2,159787.375,Dash,-13
-2,157924.859375,Dash,-13
0,156603.796875,Dash,-12
0,155378.078125,Dash,-12
0,154246.359375,Dash,-12
0,153203.125,Dash,-12
0,152247.359375,Dash,-12
0,151378.359375,Dash,-12
0,150595.859375,Dash,-12
1,150353.421875,Melee,-12
1,151162.21875,Burst,-12
8,151723.9375,Burst,-12
8,151855.59375,Melee,-12
8,152066.5,Melee,-13
8,152623.3125,Melee,-13
8,153097.65625,Melee,-13
8,153361.796875,Melee,-13
8,153625.9375,Melee,-13
8,153890.09375,Melee,-13
8,154154.234375,Melee,-13
8,154418.375,Melee,-13
8,154290.5,Melee,-13
8,154143.859375,Melee,-13
8,154076.46875,Melee,-13
8,154088.328125,Melee,-13
8,154179.4375,Melee,-13
8,154349.796875,Melee,-13
8,154599.40625,Melee,-13
8,154928.265625,Melee,-13
8,155336.375,Melee,-13
8,155823.734375,Melee,-13
8,156098.171875,Melee,-13
8,156098.171875,Melee,-13
8,156915.0625,Run,-13
8,157752.0625,Run,-13
8,158589.078125,Dash,-12
8,159426.078125,Burst,-12
8,160263.0,Jump,-13
8,161100.125,Run,-13
8,161100.125,Burst,-13
8,161100.125,Burst,-13
8,161100.125,Melee,-13
-1,161100.125,Melee,-13
-1,161100.125,Melee,-13
5,161100.125,Melee,-13
5,161100.125,Melee,-14
5,161100.125,Melee,-14
5,161100.125,Melee,-14
5,161100.125,Melee,-14
5,161100.125,Melee,-14
5,161100.125,Burst,-14
5,161100.125,Burst,-14
5,161100.125,Burst,-14
5,161100.125,Burst,-14
5,161100.125,Melee,-14
-1,161100.125,Melee,-14
-1,161100.125,Burst,-14
-1,161100.125,Melee,-14
-1,161100.125,Melee,-14
-1,161100.125,Melee,-14
-1,161100.125,Melee,-14
-1,161100.125,Melee,-14
-1,161100.125,Burst,-14
-1,161100.125,Burst,-14
8,161100.125,Melee,-14
8,161100.125,Melee,-14
8,161100.125,Melee,-15
8,161374.65625,Melee,-15
8,161646.90625,Melee,-15
8,161919.15625,Melee,-15
8,162191.40625,Melee,-15
8,162463.65625,Melee,-15
8,162735.90625,Melee,-15
8,163008.15625,Melee,-15
8,162852.203125,Melee,-15
8,162668.421875,Melee,-15
8,162563.875,Melee,-15
8,162538.5625,Melee,-15
8,162592.5,Melee,-15
8,162725.640625,Melee,-15
8,162938.03125,Melee,-15
8,163229.65625,Melee,-15
8,163600.5,Melee,-15
8,164050.59375,Melee,-15
8,164579.921875,Melee,-15
8,164957.90625,Melee,-15
8,164957.90625,Melee,-15
8,164957.90625,Melee,-15
8,164957.90625,Melee,-15
8,164957.90625,Melee,-15
8,164957.90625,Melee,-15
8,164957.90625,Melee,-15
8,164957.90625,Melee,-15
8,164957.90625,Melee,-15
8,164957.90625,Melee,-15
8,164957.90625,Melee,-15
-1,164957.90625,Melee,-15
-5,164957.90625,Run,-15
-5,164957.90625,Run,-15
-5,164957.90625,Run,-15
-5,164957.90625,Run,-15
-5,164957.90625,Run,-15
-5,164957.90625,Run,-15
-5,164957.90625,Run,-15
-5,164957.90625,Run,-15
-5,164957.90625,Run,-15
-5,164957.90625,Run,-15
-5,164231.46875,Run,-14
-5,163505.046875,Run,-14
-5,162778.625,Run,-14
-5,162033.265625,Melee,-14
-5,161306.84375,Melee,-14
-5,161306.84375,Melee,-14
-5,161306.84375,Melee,-14
-5,161306.84375,Melee,-14
-5,161306.84375,Melee,-14
-5,161306.84375,Melee,-14
-5,161306.84375,Melee,-14
-5,161306.84375,Melee,-14
-5,161306.84375,Melee,-14
-5,161306.84375,Melee,-14
-5,161306.84375,Melee,-14
-5,161306.84375,Melee,-14
-5,161306.84375,Melee,-14
-5,161306.84375,Melee,-14
-5,161306.84375,Melee,-14
-5,161306.84375,Melee,-14
-5,161306.84375,Melee,-14
-5,161306.84375,Melee,-14
-5,161306.84375,Melee,-14
-5,161306.84375,Melee,-14
-5,161306.84375,Melee,-14
-5,161306.84375,Melee,-14
-5,161306.84375,Melee,-14
-5,161306.84375,Melee,-14
-5,161306.84375,Burst,-14
-5,161306.84375,Burst,-14
-5,161306.84375,Burst,-14
-5,161306.84375,Melee,-14
-5,161306.84375,Melee,-14
-5,161306.84375,Melee,-14
-5,161306.84375,Melee,-14
-5,161306.84375,Melee,-14
-5,161306.84375,Melee,-14
-5,161306.84375,Melee,-14
-5,161306.84375,Melee,-14
1,161306.84375,Melee,-14
1,161306.84375,Melee,-14
1,162146.96875,Melee,-14
1,162987.09375,Melee,-14
1,163827.21875,Melee,-14
3,164667.34375,Melee,-14
3,166878.21875,Melee,-14
3,169089.078125,Melee,-14
-3,171299.9375,Melee,-14
-3,173510.8125,Run,-14
-3,175721.671875,Run,-14
-3,177932.53125,Run,-14
-3,180143.40625,Run,-14
-3,182354.25,Melee,-14
-3,184565.125,Melee,-14
-3,186776.0,Melee,-14
-3,188986.84375,Melee,-14
-3,191197.71875,Melee,-14
1,191197.71875,Melee,-14
-2,191197.71875,Dash,-14
-2,192037.84375,Run,-14
-2,192877.96875,Run,-14
-2,193718.09375,Run,-14
-2,194555.515625,Dash,-14
-2,195395.640625,Run,-14
-2,196235.765625,Run,-14
-2,197075.890625,Run,-14
-2,197916.015625,Run,-14
-2,198756.125,Run,-14
-2,200779.75,Run,-14
-2,202823.40625,Run,-14
-2,204884.671875,Dash,-14
-2,206968.4375,Run,-14
-2,211068.65625,Run,-14
1,215221.65625,Run,-14
1,217508.640625,Burst,-14
-2,219742.84375,Run,-14
-2,222936.4375,Run,-14
-2,226130.03125,Run,-15
0,229844.3125,Run,-14
0,233597.40625,Melee,-14
0,237389.390625,Melee,-14
0,241220.265625,Melee,-14
0,245090.03125,Melee,-14
0,248998.671875,Melee,-14
0,249616.5,Melee,-14
-2,249528.78125,Melee,-14
-2,249521.390625,Melee,-14
-2,249514.0,Melee,-14
-2,249506.59375,Melee,-14
-2,249499.1875,Melee,-14
-2,249491.796875,Melee,-14
-2,249484.390625,Melee,-14
-2,249477.0,Melee,-14
-2,249469.59375,Melee,-14
-2,250738.34375,Melee,-14
-2,252086.28125,Melee,-14
-2,253513.5,Melee,-14
-2,255019.921875,Melee,-14
-2,256605.5625,Melee,-14
-2,258270.46875,Melee,-14
-2,260014.59375,Melee,-14
-2,261219.46875,Melee,-14
-2,262416.5,Melee,-14
-2,263613.40625,Melee,-14
-2,264810.625,Melee,-14
1,264810.625,Melee,-14
-2,264810.625,Run,-14
-2,266007.53125,Run,-14
-2,267204.4375,Run,-14
-3,268401.34375,Run,-14
-3,271551.09375,Run,-14
-3,274700.84375,Run,-14
-3,277850.59375,Run,-14
-3,281000.375,Run,-14
-3,284150.125,Run,-14
-3,287299.875,Run,-14
-3,290449.625,Run,-14
-3,295217.65625,Run,-14
-3,300038.4375,Run,-14
-3,304912.0,Run,-14
-3,309835.625,Run,-14
-3,314814.75,Run,-14
-1,316538.5625,Run,-14
1,318262.375,Run,-14
-2,319986.21875,Run,-14
-2,322997.1875,Run,-14
-2,326028.21875,Run,-14
-2,329079.3125,Run,-14
-2,332150.46875,Dash,-14
-2,335241.6875,Run,-14
-2,341263.6875,Run,-14
-2,347338.46875,Run,-14
-2,353466.0,Run,-14
-2,359646.34375,Run,-14
-1,365879.4375,Run,-14
-1,370679.71875,Run,-14
1,375480.0,Run,-14
1,380280.28125,Run,-14
-2,383515.78125,Run,-14
-2,388289.65625,Run,-14
-2,393063.5625,Run,-15
-2,397837.4375,Run,-15
-2,397837.4375,Run,-15
-2,397837.4375,Run,-15
-2,399651.53125,Run,-15
0,402427.75,Run,-14
0,405218.625,Run,-14
0,408024.25,Run,-14
0,410844.1875,Run,-14
0,413677.5625,Run,-14
0,416523.21875,Run,-14
0,419379.96875,Melee,-14
0,422246.375,Melee,-14
1,422237.78125,Melee,-14
-2,420318.875,Jump,-14
-2,420314.65625,Jump,-15
-2,420104.1875,Jump,-15
-2,419891.15625,Jump,-15
-2,419678.125,Jump,-15
-2,419465.0625,Jump,-15
-2,419252.03125,Jump,-15
-2,419039.0,Jump,-15
-2,417179.03125,Burst,-15
-2,415607.09375,Run,-15
-2,414114.375,Dash,-15
-2,412700.90625,Melee,-15
-2,411366.65625,Burst,-15
-2,410111.625,Melee,-15
-2,408935.875,Melee,-15
-2,407614.75,Melee,-15
-2,405888.6875,Melee,-15
-2,404161.53125,Melee,-15
-2,402435.3125,Melee,-15
1,402435.3125,Melee,-15
1,402435.3125,Run,-15
1,400709.125,Dash,-15
1,398982.9375,Dash,-15
-2,397256.75,Jump,-15
-2,395530.59375,Run,-15
-2,393804.40625,Run,-15
-2,392078.21875,Run,-15
-2,390352.03125,Run,-15
-2,388625.84375,Run,-15
-2,386899.65625,Melee,-15
-2,385173.46875,Melee,-15
-3,383447.28125,Melee,-15
-3,378904.71875,Burst,-15
-3,374362.125,Burst,-15
-3,369819.5625,Burst,-15
-3,365277.0,Burst,-15
-3,360734.40625,Burst,-15
-3,356191.84375,Burst,-15
-3,351649.28125,Burst,-15
-3,347106.71875,Burst,-15
-3,342564.125,Burst,-15
-3,338021.5625,Run,-15
-3,333479.0,Dash,-15
-3,328936.4375,Run,-15
-1,328936.4375,Dash,-15
1,328936.4375,Run,-15
-2,328936.4375,Run,-15
-2,327210.25,Run,-15
-2,325484.09375,Run,-15
-2,323757.90625,Run,-15
-2,322031.75,Run,-15
-2,320305.59375,Run,-15
-2,318579.40625,Run,-15
-2,316850.5625,Run,-15
-2,315124.375,Run,-15
-2,313398.1875,Run,-15
-2,311672.03125,Run,-15
-2,309945.875,Run,-15
-2,308219.6875,Run,-15
-2,306493.53125,Run,-15
-2,304767.375,Run,-15
-2,303041.1875,Run,-15
-2,301315.03125,Run,-15
-2,299588.875,Run,-15
-2,297862.6875,Run,-15
-2,296136.5,Run,-15
-2,294410.34375,Run,-15
-2,292684.1875,Run,-15
-2,290958.0,Run,-15
-2,289231.84375,Dash,-15
-2,287505.6875,Run,-15
-2,285779.5,Run,-15
-2,284053.3125,Dash,-15
-2,282327.15625,Run,-15
-2,277846.875,Dash,-15
-2,273419.3125,Run,-15
-2,269044.5625,Run,-15
-2,264722.5625,Dash,-15
-3,260450.75,Run,-15
-3,253676.25,Run,-15
-3,247040.640625,Run,-15
-3,240543.921875,Run,-15
-3,234186.09375,Run,-15
-3,227967.15625,Run,-15
-3,221887.109375,Run,-15
-3,215945.9375,Run,-15
-3,212236.71875,Run,-15
-3,208527.484375,Dash,-15
-3,204075.6875,Run,-15
-3,199676.65625,Run,-15
-3,193428.5,Run,-15
1,192556.78125,Run,-15
-2,191764.359375,Run,-15
-2,189701.8125,Run,-15
-2,187738.5625,Run,-15
-2,185874.59375,Run,-15
-2,184109.84375,Run,-15
-2,182444.3125,Run,-15
-2,180877.96875,Run,-15
-2,179410.828125,Run,-15
-2,178042.9375,Run,-15
-2,176325.609375,Run,-15
-2,172562.65625,Run,-15
-2,170542.0625,Dash,-15
-2,168620.8125,Run,-15
-1,166798.84375,Dash,-15
-1,166295.21875,Dash,-15
1,165870.78125,Run,-15
1,165525.5625,Run,-15
1,166448.46875,Dash,-15
1,167430.5,Dash,-15
-2,168471.640625,Dash,-15
-2,166920.28125,Run,-15
-2,165368.90625,Run,-15
-2,163817.53125,Run,-15
-2,162266.15625,Run,-15
-2,160714.796875,Run,-15
-2,159163.421875,Run,-15
-2,157612.0625,Run,-15
-2,156060.6875,Run,-16
-2,155443.40625,Run,-16
-2,154770.40625,Dash,-16
-2,154045.09375,Dash,-16
-2,153266.8125,Run,-16
-2,152435.734375,Run,-16
-2,152691.578125,Run,-16
-2,153006.59375,Run,-16
-2,153380.8125,Jump,-16
-2,153713.0,Melee,-16
-2,151904.5,Melee,-16
-2,152497.984375,Melee,-16
1,152394.984375,Melee,-16
-2,152371.203125,Melee,-16
-2,151650.9375,Melee,-16
-2,151009.90625,Melee,-16
-2,150448.109375,Melee,-16
-2,149965.53125,Melee,-16
-2,149559.53125,Melee,-16
-2,149235.421875,Burst,-16
-2,148990.53125,Burst,-16
-2,148395.9375,Run,-16
-2,147620.203125,Run,-16
-2,146844.46875,Run,-16
-2,146068.75,Run,-16
-2,145293.03125,Run,-16
-2,144517.296875,Run,-16
-1,143741.5625,Run,-16
1,143741.5625,Run,-16
1,143741.5625,Run,-16
1,144517.296875,Run,-16
8,145293.03125,Run,-16
8,146068.75,Run,-16
8,146847.171875,Dash,-16
8,147622.625,Jump,-16
8,148398.5625,Run,-16
8,149174.28125,Jump,-16
8,149950.015625,Burst,-16
8,150725.75,Run,-17
8,151217.765625,Dash,-17
8,151809.703125,Melee,-17
8,152480.734375,Melee,-17
8,153231.0,Melee,-17
8,154060.5,Melee,-17
8,154969.09375,Melee,-17
8,155957.171875,Melee,-17
8,156930.984375,Melee,-17
8,157706.71875,Melee,-17
8,158482.4375,Melee,-17
8,158482.4375,Melee,-17
8,158482.4375,Melee,-17
8,158482.4375,Melee,-17
8,158482.4375,Melee,-17
8,158482.4375,Melee,-17
8,158482.4375,Melee,-17
8,158482.4375,Melee,-17
8,159258.171875,Dash,-17
8,160034.0,Run,-17
8,160809.703125,Run,-17
8,161585.4375,Run,-17
8,162361.15625,Jump,-17
8,163136.890625,Run,-17
1,163136.890625,Run,-17
1,163136.890625,Run,-17
1,162358.453125,Jump,-17
1,161582.734375,Jump,-17
1,160807.0,Dash,-17
-2,160031.28125,Run,-17
-2,159255.546875,Run,-17
-1,158479.828125,Jump,-17
1,158479.828125,Run,-17
1,158479.828125,Dash,-17
1,159255.546875,Run,-17
1,160031.28125,Jump,-17
-2,160807.0,Jump,-17
-2,161582.734375,Run,-17
-2,162358.453125,Run,-17
-2,163134.1875,Run,-17
-2,163909.90625,Run,-17
-2,164685.625,Run,-17
-2,165461.34375,Run,-17
-2,166237.078125,Melee,-17
-2,167012.796875,Melee,-17
-2,167788.53125,Melee,-17
-3,168564.25,Melee,-17
-3,170605.625,Melee,-17
-3,172647.015625,Melee,-17
-3,174688.40625,Melee,-17
-3,176729.78125,Melee,-17
-3,178771.171875,Melee,-17
-3,180812.5625,Melee,-17
-3,182853.9375,Melee,-17
-3,184895.328125,Melee,-17
-3,186936.71875,Melee,-17
-3,188978.09375,Run,-17
-3,191019.484375,Run,-17
-3,193060.875,Run,-17
-1,193060.875,Run,-17
1,193060.875,Run,-17
-2,193060.875,Run,-17
-2,193836.59375,Run,-17
-2,194612.3125,Run,-17
-2,195388.03125,Dash,-17
-2,196163.75,Run,-17
-2,196939.484375,Run,-17
-2,197715.203125,Run,-17
-2,198490.9375,Run,-17
-2,199266.65625,Dash,-17
-2,200042.375,Run,-17
-2,200818.09375,Dash,-17
-2,201593.8125,Dash,-17
-2,202369.53125,Run,-17
-2,203145.265625,Run,-17
-2,203921.0,Run,-17
-2,204696.71875,Run,-17
-2,205472.4375,Run,-17
-2,206248.15625,Dash,-17
-2,207023.875,Run,-17
-2,207799.59375,Run,-17
-2,208575.328125,Run,-17
1,209351.046875,Run,-17
1,208575.328125,Jump,-17
1,207799.59375,Jump,-17
1,207023.875,Burst,-17
1,206248.15625,Dash,-17
1,205472.4375,Run,-17
-2,204696.71875,Burst,-17
-2,204696.71875,Run,-17
-2,204696.71875,Run,-17
-2,204696.71875,Run,-17
-2,204696.71875,Run,-17
-2,204696.71875,Run,-17
-2,204696.71875,Run,-17
-2,204696.71875,Run,-17
-2,204696.71875,Dash,-17
-2,204696.71875,Run,-17
-2,204696.71875,Run,-17
-2,204696.71875,Run,-17
-2,204696.71875,Run,-17
-2,204696.71875,Run,-17
-2,204696.71875,Run,-18
-2,204696.71875,Run,-18
-2,204696.71875,Run,-18
-2,205475.140625,Run,-18
-2,206250.859375,Dash,-18
1,206250.859375,Run,-18
-2,206250.859375,Run,-18
-2,207023.875,Run,-18
-2,207799.59375,Run,-18
-2,208575.328125,Run,-18
-2,209351.046875,Run,-18
-2,210126.78125,Run,-18
-2,210902.5,Dash,-18
-2,211678.21875,Run,-18
-2,212453.9375,Run,-18
-2,213229.65625,Run,-18
-2,214005.375,Run,-18
-2,214781.109375,Run,-18
-2,215556.84375,Run,-18
-2,216332.5625,Run,-18
-2,217108.28125,Run,-18
-2,217884.0,Run,-18
-2,218659.71875,Run,-18
-2,219435.4375,Run,-18
-2,220211.171875,Run,-18
-2,220986.890625,Run,-18
-2,221762.625,Run,-18
-2,222538.34375,Dash,-18
-2,223314.0625,Run,-18
-2,224089.78125,Run,-18
-2,224865.5,Run,-18
-2,225641.234375,Dash,-18
-2,226416.96875,Run,-18
-2,227192.6875,Run,-18
-2,227968.421875,Run,-18
-2,228744.15625,Run,-18
-1,229519.875,Run,-18
-1,229519.875,Run,-18
-1,229519.875,Dash,-18
-1,229519.875,Run,-18
-1,229519.875,Run,-18
-1,229519.875,Run,-18
-1,229519.875,Run,-18
-1,229519.875,Run,-18
-1,229519.875,Run,-18
-1,229519.875,Dash,-18
-1,229519.875,Run,-18
-1,229519.875,Run,-18
-1,229519.875,Dash,-18
-1,229519.875,Run,-18
-1,229519.875,Run,-18
-1,229519.875,Run,-18
-1,229519.875,Run,-18
-1,229519.875,Run,-18
-1,229519.875,Run,-18
-1,229519.875,Run,-18
-1,229519.875,Run,-18
-1,229519.875,Dash,-18
-1,229519.875,Run,-18
-1,229519.875,Run,-18
-1,229519.875,Run,-18
-1,229519.875,Run,-18
-1,229519.875,Run,-18
-1,229519.875,Run,-18
-1,229519.875,Run,-18
-1,229519.875,Run,-18
-1,229519.875,Run,-18
-1,229519.875,Run,-18
-1,229519.875,Run,-18
-1,229519.875,Run,-18
-1,229519.875,Run,-18
-1,229519.875,Run,-18
-1,229519.875,Run,-18
-1,229519.875,Run,-18
-1,229519.875,Run,-18
-1,229519.875,Run,-18
-1,229519.875,Run,-18
-1,229519.875,Dash,-18
-1,229519.875,Run,-18
-1,229519.875,Run,-18
-1,229519.875,Run,-18
-1,229519.875,Run,-18
-1,229519.875,Run,-18
-1,229519.875,Run,-18
-1,229519.875,Run,-18
-1,229519.875,Run,-18
-1,229519.875,Run,-18
-1,229519.875,Run,-18
-1,229519.875,Run,-18
-1,229519.875,Dash,-18
-1,229519.875,Run,-18
-1,229519.875,Run,-18
-1,229519.875,Run,-18
-1,229519.875,Dash,-18
-1,229519.875,Run,-18
-1,229519.875,Dash,-18
-1,229519.875,Run,-18
-1,229519.875,Run,-18
-1,229519.875,Dash,-18
-1,229519.875,Run,-18
-1,229519.875,Run,-18
-1,229519.875,Run,-18
-1,229519.875,Run,-18
-1,229519.875,Run,-18
-1,229519.875,Dash,-18
-1,229519.875,Run,-18
-1,229519.875,Run,-18
-1,229519.875,Run,-18
-1,229519.875,Run,-18
-1,229519.875,Run,-18
-1,229519.875,Run,-18
-1,229519.875,Run,-18
-1,229519.875,Run,-18
-1,229519.875,Run,-18
-1,229519.875,Run,-18
-1,229519.875,Dash,-18
-1,229519.875,Run,-18
-1,229519.875,Run,-18
-1,229519.875,Run,-18
-1,229519.875,Run,-18
-1,229519.875,Run,-18
-1,229519.875,Run,-18
-1,229519.875,Run,-18
-1,229519.875,Run,-18
-1,229519.875,Run,-18
-1,229519.875,Run,-18
-1,229519.875,Run,-18
-1,229519.875,Dash,-18
-1,229519.875,Run,-18
-1,229519.875,Run,-18
-1,229519.875,Run,-18
-1,229519.875,Run,-18
-1,229519.875,Run,-18
-1,229519.875,Run,-18
-1,229519.875,Dash,-18
-1,229519.875,Run,-18
-1,229519.875,Run,-18
-1,229519.875,Run,-18
-1,229519.875,Dash,-18
-1,229519.875,Dash,-18
-1,229519.875,Run,-18
-1,229519.875,Run,-18
-1,229519.875,Run,-18
-1,229519.875,Run,-18
-1,229519.875,Run,-18
-1,229519.875,Dash,-18
-1,229519.875,Run,-18
-1,229519.875,Run,-18
-1,229519.875,Run,-18
-1,229519.875,Run,-18
-1,229519.875,Run,-18
-1,229519.875,Run,-18
-1,229519.875,Run,-18
-1,229519.875,Run,-18
-1,229519.875,Run,-18
-1,229519.875,Dash,-18
-1,229519.875,Run,-18
-1,229519.875,Run,-18
-1,229519.875,Run,-18
-1,229519.875,Run,-18
-1,229519.875,Run,-18
-1,229519.875,Run,-18
-1,229519.875,Run,-18
-1,229519.875,Run,-18
-1,229519.875,Run,-18
-1,229519.875,Run,-18
-1,229519.875,Run,-18
-1,229519.875,Run,-18
-1,229519.875,Run,-18
-1,229519.875,Dash,-18
-1,229519.875,Run,-18
-1,229519.875,Run,-18
-1,229519.875,Run,-18
-1,229519.875,Run,-18
-1,229519.875,Run,-18
-1,229519.875,Run,-18
-1,229519.875,Run,-18
-1,229519.875,Run,-18
-1,229519.875,Run,-18
-1,229519.875,Run,-18
-1,229519.875,Run,-18
-1,229519.875,Run,-18
-1,229519.875,Run,-18
-1,229519.875,Run,-18
-1,229519.875,Run,-18
-1,229519.875,Run,-18
-1,229519.875,Run,-18
-1,229519.875,Run,-18
-1,229519.875,Run,-18
-1,229519.875,Run,-18
-1,229519.875,Run,-18
-1,229519.875,Run,-18
-1,229519.875,Run,-18
-1,229519.875,Run,-18
-1,229519.875,Run,-18
-1,229519.875,Run,-18
-1,229519.875,Dash,-18
-1,229519.875,Run,-18
-1,229519.875,Dash,-18
-1,229519.875,Dash,-18
-1,229519.875,Run,-18
-1,229519.875,Run,-18
-1,229519.875,Dash,-18
-1,229519.875,Run,-18
-1,229519.875,Dash,-18
-1,229519.875,Run,-18
-1,229519.875,Run,-18
-1,229519.875,Run,-18
-1,229519.875,Run,-18
-1,229519.875,Run,-18
-1,229519.875,Run,-18
-1,229519.875,Run,-18
-1,229519.875,Run,-18
-1,229519.875,Run,-18
-1,229519.875,Run,-18
-1,229519.875,Run,-18
-1,229519.875,Run,-18
-1,229519.875,Run,-18
-1,229519.875,Dash,-18
-1,229519.875,Run,-18
-1,229519.875,Run,-18
-1,229519.875,Run,-18
-1,229519.875,Run,-18
-1,229519.875,Run,-18
-1,229519.875,Run,-18
-1,229519.875,Run,-18
-1,229519.875,Run,-18
-1,229519.875,Run,-18
-1,229519.875,Run,-18
-1,229519.875,Run,-18
-1,229519.875,Run,-18
-1,229519.875,Run,-18
-1,229519.875,Dash,-18
-1,229519.875,Run,-18
-1,229519.875,Run,-18
-1,229519.875,Run,-18
-1,229519.875,Run,-18
-1,229519.875,Run,-18
-1,229519.875,Run,-18
-1,229519.875,Run,-18
-1,229519.875,Run,-18
-1,229519.875,Run,-18
-1,229519.875,Run,-18
-1,229519.875,Run,-18
-1,229519.875,Run,-18
-1,229519.875,Run,-18
-1,229519.875,Run,-18
-1,229519.875,Run,-18
-1,229519.875,Run,-18
-1,229519.875,Run,-18
-1,229519.875,Run,-18
-1,229519.875,Run,-18
-1,229519.875,Run,-18
-1,229519.875,Run,-18
-1,229519.875,Run,-18
-1,229519.875,Run,-18
-1,229519.875,Dash,-18
-1,229519.875,Run,-18
-1,229519.875,Run,-18
-1,229519.875,Run,-18
-1,229519.875,Run,-18
-1,229519.875,Run,-18
-1,229519.875,Run,-18
-1,229519.875,Run,-18
-1,229519.875,Dash,-18
-1,229519.875,Run,-18
-1,229519.875,Run,-18
-1,229519.875,Run,-18
-1,229519.875,Run,-18
-1,229519.875,Run,-18
-1,229519.875,Run,-18
-1,229519.875,Run,-18
-1,229519.875,Run,-18
-1,229519.875,Run,-18
-1,229519.875,Run,-18
-1,229519.875,Dash,-18
-1,229519.875,Dash,-18
-1,229519.875,Run,-18
-1,229519.875,Dash,-18
-1,229519.875,Run,-18
-1,229519.875,Dash,-18
-1,229519.875,Run,-18
-1,229519.875,Run,-18
-1,229519.875,Run,-18
-1,229519.875,Run,-18
-1,229519.875,Run,-18
-1,229519.875,Dash,-18
-1,229519.875,Run,-18
-1,229519.875,Run,-18
-1,229519.875,Run,-18
-1,229519.875,Run,-18
-1,229519.875,Run,-18
-1,229519.875,Run,-18
-1,229519.875,Run,-18
-1,229519.875,Run,-18
-1,229519.875,Run,-18
-1,229519.875,Run,-18
-1,229519.875,Run,-18
-1,229519.875,Run,-18
-1,229519.875,Run,-18
-1,214369.0,Run,-18
-1,214369.0,Run,-18
-1,214369.0,Run,-18
-1,214369.0,Run,-18
-1,213751.5,Run,-18
-1,213134.0,Run,-18
-1,212516.484375,Run,-18
-1,211898.984375,Run,-18
-1,211281.46875,Run,-18
-1,210663.96875,Run,-18
-1,210046.46875,Dash,-18
-1,209428.96875,Run,-18
-1,207803.96875,Run,-18
-1,206178.96875,Run,-18
-1,204553.96875,Run,-18
-1,202928.984375,Run,-18
-1,201303.984375,Run,-18
-1,199678.984375,Run,-18
-1,198053.984375,Run,-18
-1,196428.984375,Run,-18
-1,194803.96875,Run,-18
-1,193178.96875,Run,-18
-1,191553.96875,Run,-18
-1,189928.96875,Run,-18
-1,189928.96875,Run,-18
-1,189928.96875,Run,-18
-1,189311.46875,Run,-18
1,188693.96875,Run,-18
-2,188076.46875,Dash,-18
-2,186046.65625,Run,-18
-2,184015.90625,Run,-18
-2,182026.1875,Run,-18
-2,180056.515625,Run,-18
-2,178106.90625,Run,-18
-2,176177.34375,Run,-18
-2,174436.25,Run,-18
-1,172538.796875,Run,-18
-1,168767.46875,Run,-18
-1,165095.4375,Run,-18
-1,161522.71875,Run,-18
-1,158049.4375,Run,-18
-1,154675.84375,Blast,-18
-1,151402.171875,Run,-18
-1,148693.65625,Run,-18
-1,146064.40625,Run,-18
-1,143514.390625,Run,-18
-1,142113.5,Jump,-18
-1,140791.859375,Jump,-18
-1,139549.46875,Run,-18
-1,138386.34375,Run,-18
-1,135202.328125,Run,-18
-1,132097.578125,Run,-18
-1,129072.0625,Run,-18
-1,126125.8046875,Blast,-18
-1,123258.796875,Blast,-18
-1,120471.0390625,Jump,-18
-1,117762.53125,Blast,-18
-1,115133.2734375,Jump,-18
-1,112583.265625,Run,-18
-1,110112.5,Run,-18
-1,107721.0,Run,-18
-1,105649.6171875,Jump,-18
-1,104698.6171875,Jump,-18
-1,103826.8671875,Jump,-18
-1,103034.453125,Run,-18
-1,102963.1328125,Run,-18
-1,102971.0546875,Run,-18
-1,103121.53125,Run,-18
-1,103272.375,Run,-18
-1,103423.5,Dash,-18
-1,103574.5546875,Run,-18
-1,103238.25,Dash,-18
-1,102887.6328125,Run,-18
-1,102551.25,Run,-18
-1,102212.96875,Run,-18
-1,101876.5625,Run,-18
-1,101540.171875,Dash,-18
-1,101203.765625,Run,-18
-1,100867.359375,Run,-18
-1,100530.9609375,Run,-18
-1,100194.5546875,Run,-18
-1,99858.15625,Run,-18
-1,99521.7578125,Run,-18
-1,99944.3203125,Run,-18
-1,98971.53125,Run,-18
-1,97774.71875,Run,-18
-1,96618.59375,Run,-18
-1,95504.328125,Run,-18
-1,94433.1171875,Run,-18
-1,94428.625,Run,-18
-1,94482.625,Run,-18
-1,94596.2109375,Run,-18
-1,94770.4765625,Run,-18
-1,95006.515625,Run,-18
-1,95305.4453125,Run,-18
-1,95668.3671875,Run,-18
2,96096.390625,Dash,-18
2,94940.78125,Run,-18
2,93888.3515625,Run,-18
2,92936.328125,Run,-18
2,90216.8671875,Run,-18
2,87676.3359375,Run,-18
2,85306.84375,Run,-18
2,83100.875,Run,-18
2,81051.328125,Jump,-18
2,79151.484375,Run,-18
-1,77395.03125,Run,-18
-1,74617.96875,Run,-18
-1,72742.25,Jump,-18
-1,71000.6328125,Jump,-18
-1,69387.4453125,Run,-18
-1,67897.328125,Jump,-18
-1,66528.6171875,Run,-18
-1,65825.0234375,Run,-18
2,65371.140625,Run,-18
2,63659.265625,Run,-18
2,62064.5078125,Jump,-18
2,60868.93359375,Run,-18
2,58694.40625,Jump,-18
2,56670.1875,Blast,-18
2,54788.5859375,Run,-18
2,54187.234375,Run,-18
2,53679.60546875,Jump,-18
2,53262.625,Blast,-18
-1,52933.58984375,Run,-18
-1,51728.8359375,Run,-18
-1,50607.75,Jump,-18
-1,49568.73828125,Run,-18
-1,48610.60546875,Run,-18
-1,47732.5234375,Jump,-18
-1,46934.03515625,Run,-18
-1,46618.19921875,Run,-18
-1,46568.2421875,Jump,-18
-1,46598.765625,Run,-18
-1,46710.82421875,Dash,-18
-1,46905.8359375,Run,-18
-1,47348.16015625,Jump,-18
-1,47882.6640625,Run,-18
-1,48738.46875,Run,-18
-1,49637.59375,Run,-18
-1,50411.8203125,Run,-18
-1,51236.4375,Burst,-18
-1,52112.5,Dash,-18
-1,52469.78125,Dash,-18
1,52827.06640625,Dash,-18
1,53184.3515625,Jump,-18
1,53608.625,Run,-18
1,54099.890625,Run,-18
1,55230.2265625,Jump,-18
1,56427.5625,Run,-18
-1,57691.87890625,Run,-18
-1,56656.17578125,Run,-18
-1,55687.4609375,Run,-18
-1,54785.7421875,Run,-18
-1,53951.015625,Jump,-18
-1,53183.2734375,Run,-18
-1,52482.5234375,Jump,-18
-1,51848.765625,Run,-18
-1,51282.0,Jump,-18
-1,50782.2265625,Run,-18
1,50349.44140625,Jump,-18
1,50827.734375,Jump,-18
1,51373.0234375,Dash,-18
1,51985.30078125,Jump,-18
1,52664.5703125,Run,-18
1,53410.828125,Run,-18
1,54224.078125,Dash,-18
1,55104.3203125,Run,-18
1,56051.5546875,Dash,-18
1,57065.77734375,Jump,-18
1,58146.9921875,Dash,-18
1,59295.19921875,Run,-18
1,60510.3984375,Run,-18
1,61792.5859375,Jump,-18
1,63124.890625,Jump,-18
1,64565.390625,Jump,-18
1,66117.5,Run,-18
1,67785.0625,Jump,-18
1,69572.2578125,Run,-18
1,71483.671875,Run,-18
1,73524.21875,Run,-18
1,75699.21875,Jump,-18
1,78014.328125,Run,-18
1,80475.578125,Run,-18
1,83089.3515625,Run,-18
1,85862.421875,Run,-18
1,88801.8828125,Run,-18
3,91915.21875,Dash,-18
3,94251.734375,Dash,-18
3,96226.953125,Run,-18
-3,98233.859375,Run,-18
-3,100272.4375,Run,-18
-3,102342.703125,Run,-18
-3,104444.6328125,Dash,-18
-3,106578.2421875,Run,-18
-3,108743.53125,Run,-18
-3,110940.4921875,Run,-18
-3,113169.125,Run,-18
-3,115429.4375,Dash,-18
-3,117721.4296875,Run,-18
-1,120045.09375,Run,-18
-1,121398.84375,Run,-18
-1,122945.96875,Run,-18
-1,124647.125,Run,-18
-1,126485.0,Run,-18
1,128460.9375,Jump,-18
1,130576.625,Jump,-18
1,132834.15625,Jump,-18
1,135235.96875,Run,-18
1,136356.1875,Jump,-18
1,137598.78125,Run,-18
1,138967.25,Jump,-18
1,140444.84375,Run,-18
1,141929.4375,Run,-18
1,142504.28125,Run,-18
-2,142550.03125,Dash,-18
-2,142873.859375,Run,-18
-2,144381.4375,Run,-18
-2,144670.328125,Run,-18
-2,145054.0,Dash,-18
-2,145527.9375,Run,-18
-2,147166.78125,Run,-18
-2,147576.21875,Run,-18
-2,148081.46875,Run,-18
-2,148684.03125,Run,-18
-2,149385.25,Run,-18
-2,150186.3125,Run,-18
-2,151088.140625,Run,-18
-2,152090.3125,Run,-18
-2,153181.578125,Run,-18
-2,154360.09375,Run,-18
-1,155624.046875,Run,-18
-3,155590.0625,Run,-18
-3,158511.640625,Run,-18
-3,162080.890625,Run,-18
-3,165733.265625,Run,-18
-3,169491.234375,Dash,-18
-3,173353.65625,Run,-18
-3,179381.6875,Dash,-18
-3,183551.671875,Run,-18
-3,186126.609375,Dash,-18
-3,188701.5625,Run,-18
-3,191276.5,Dash,-18
-3,193851.453125,Run,-18
-3,196426.390625,Run,-18
-1,199001.34375,Run,-18
-1,201633.09375,Run,-18
-1,202725.1875,Run,-18
-1,203874.078125,Jump,-18
-1,205079.78125,Jump,-18
-1,206342.296875,Run,-18
-1,206401.59375,Run,-18
-1,207648.15625,Jump,-18
-1,209000.140625,Run,-18
-1,210458.390625,Jump,-18
-1,212024.5,Run,-18
-1,213700.5,Jump,-18
-1,215488.75,Run,-18
-1,217392.046875,Run,-18
-1,219413.46875,Run,-18
-1,221556.5625,Run,-18
-1,223825.1875,Run,-18
-1,226223.59375,Run,-18
-1,228756.453125,Run,-18
1,231428.5625,Jump,-18
1,232288.53125,Run,-18
1,233299.65625,Run,-18
1,234467.46875,Jump,-18
1,235798.5,Run,-18
1,237299.625,Jump,-18
1,238978.078125,Jump,-18
1,240841.515625,Run,-18
1,242897.9375,Run,-18
1,245155.71875,Jump,-18
1,247623.625,Run,-18
1,250310.796875,Jump,-18
1,251536.6875,Run,-18
1,252357.0,Dash,-18
1,253256.546875,Dash,-18
1,252595.203125,Jump,-18
1,251625.09375,Run,-18
-1,250646.125,Jump,-18
-1,250615.53125,Run,-18
-1,250605.203125,Run,-18
-1,250602.609375,Run,-18
-1,250602.609375,Run,-18
-1,250602.609375,Run,-18
1,250602.609375,Run,-18
-2,250602.609375,Run,-18
-2,251582.625,Run,-18
-2,252562.640625,Run,-18
-2,253542.65625,Run,-18
-2,254647.15625,Run,-18
-2,255863.5625,Dash,-18
-2,257206.65625,Run,-18
-2,258685.6875,Run,-18
-2,260307.0625,Run,-18
-2,262066.0625,Run,-18
-2,265175.6875,Run,-18
-1,268522.875,Run,-18
2,270954.78125,Run,-18
2,271626.0625,Run,-18
2,272422.25,Run,-18
2,272294.875,Run,-18
2,272267.90625,Run,-18
2,271653.25,Run,-18
2,270758.5625,Blast,-18
2,269918.0625,Blast,-18
2,267485.3125,Run,-18
2,265531.125,Run,-18
2,264342.625,Run,-18
2,263233.34375,Run,-18
2,262203.3125,Jump,-18
2,261252.5,Run,-18
2,260380.9375,Run,-18
2,259588.609375,Run,-18
2,258875.5,Jump,-18
2,258241.640625,Jump,-18
1,257687.0,Run,-18
-1,257639.46875,Jump,-18
-1,257671.171875,Jump,-18
-1,258093.75,Run,-18
-1,258516.3125,Run,-18
-1,258938.90625,Run,-18
-1,259361.46875,Run,-18
-1,259784.046875,Dash,-18
-1,260206.625,Run,-18
-1,264907.5625,Run,-18
-1,269608.5,Run,-18
-1,274309.4375,Dash,-18
-1,279010.375,Run,-18
-1,283711.3125,Run,-18
-1,288410.125,Run,-18
-1,293111.0625,Run,-18
-1,297812.0,Run,-18
-1,302512.90625,Run,-18
1,307213.84375,Dash,-18
2,311914.75,Jump,-18
2,314291.5625,Jump,-18
2,312469.25,Run,-18
2,310726.15625,Jump,-18
2,309062.3125,Run,-18
2,307477.6875,Jump,-18
2,305972.28125,Run,-18
2,304546.125,Run,-18
2,303199.1875,Run,-18
2,303451.9375,Run,-18
1,303775.46875,Run,-18
1,305166.75,Jump,-18
1,306626.59375,Jump,-18
1,306674.125,Run,-18
1,306800.90625,Jump,-18
1,307006.90625,Run,-18
1,307292.125,Run,-18
1,307656.59375,Jump,-18
1,309580.125,Run,-18
1,310103.03125,Jump,-18
1,310705.1875,Run,-18
1,311386.59375,Run,-18
1,312147.21875,Run,-18
1,314454.65625,Jump,-18
-1,316826.78125,Run,-18
-1,317825.09375,Jump,-18
-1,318247.65625,Jump,-18
-1,318670.21875,Jump,-18
-1,319092.78125,Jump,-18
-1,319515.34375,Jump,-18
-1,319937.90625,Jump,-18
-1,320360.5,Jump,-18
-1,320783.0625,Jump,-18
-1,321205.625,Jump,-18
-1,321628.1875,Jump,-18
-1,322050.75,Jump,-18
-1,322473.3125,Jump,-18
-1,322895.875,Jump,-18
-1,323318.4375,Jump,-18
-1,323741.03125,Jump,-18
-1,324163.59375,Jump,-18
-1,323183.96875,Jump,-18
-1,322283.5625,Blast,-18
-1,321462.375,Jump,-18
-1,320720.4375,Jump,-18
-1,320057.75,Run,-18
-1,319474.25,Run,-18
-1,318970.0,Dash,-18
-1,318545.0,Run,-18
-1,318199.21875,Run,-18
2,317932.65625,Jump,-18
1,315363.71875,Run,-18
1,313801.0,Run,-18
1,312317.53125,Jump,-18
1,310913.28125,Jump,-18
1,309588.25,Run,-18
1,308342.46875,Jump,-18
1,307708.0,Run,-18
1,308206.5,Jump,-18
1,308778.34375,Jump,-18
1,309399.625,Run,-18
1,310000.3125,Jump,-18
1,310657.625,Jump,-18
1,311426.21875,Run,-18
1,312274.0,Run,-18
1,313201.0,Run,-18
1,315644.9375,Jump,-18
1,318151.3125,Jump,-18
-1,319316.5625,Run,-18
-1,320560.46875,Jump,-18
-1,320983.03125,Jump,-18
3,321405.59375,Jump,-18
3,321373.34375,Jump,-18
3,321373.34375,Jump,-18
3,321373.34375,Jump,-18
3,321373.34375,Jump,-18
3,321373.34375,Jump,-18
3,321373.34375,Jump,-18
3,321373.34375,Jump,-18
3,321373.34375,Jump,-18
3,321373.34375,Jump,-18
3,321373.34375,Jump,-18
3,321373.34375,Jump,-18
3,321373.34375,Jump,-18
-1,321373.34375,Jump,-18
-1,321484.84375,Run,-18
-1,321907.40625,Run,-18
-1,322329.96875,Run,-18
-1,322769.09375,Run,-18
-1,323277.875,Run,-18
-1,323854.03125,Run,-18
-1,324495.3125,Jump,-18
-1,325199.15625,Jump,-18
-1,324652.5625,Run,-18
-1,324185.21875,Jump,-18
-1,323797.09375,Run,-18
-1,324629.125,Run,-18
1,325540.40625,Jump,-18
1,325376.09375,Jump,-18
1,323961.125,Run,-18
1,322625.40625,Run,-18
1,321368.90625,Dash,-18
1,321451.3125,Jump,-18
1,323551.75,Run,-18
1,326257.1875,Jump,-18
1,330271.5,Jump,-18
1,334288.8125,Jump,-18
-1,338234.78125,Run,-18
-1,339468.9375,Run,-18
-1,339177.4375,Run,-18
-1,338926.46875,Run,-18
-1,338716.0,Run,-18
-1,338546.0,Run,-18
-1,338416.5,Run,-18
-1,338327.46875,Run,-18
-1,335214.65625,Run,-18
-1,331146.9375,Jump,-18
-1,326667.875,Run,-18
-1,323275.625,Run,-18
-1,319986.90625,Jump,-18
1,316798.65625,Jump,-18
1,313694.5625,Dash,-18
1,310671.4375,Run,-18
1,308451.78125,Run,-18
1,305314.875,Run,-18
1,302245.46875,Run,-18
1,299237.5,Run,-18
1,296213.84375,Run,-18
1,293239.125,Run,-18
1,290310.875,Run,-18
1,287427.3125,Run,-18
1,284587.34375,Run,-18
1,281790.875,Run,-18
1,279038.75,Run,-18
1,276333.09375,Run,-18
1,273937.0625,Jump,-18
-1,272599.03125,Run,-18
-2,270436.375,Jump,-18
-2,268728.75,Run,-18
-2,265842.8125,Run,-18
-2,261677.796875,Dash,-18
-2,257579.125,Run,-18
-2,252481.0,Run,-18
-2,247435.65625,Run,-18
-2,242443.0625,Run,-18
-2,237503.28125,Run,-18
-2,232616.28125,Run,-18
-2,227782.03125,Run,-18
-2,222998.96875,Run,-18
-2,218270.28125,Run,-18
-2,213594.375,Run,-18
-2,208971.25,Run,-18
-2,204400.90625,Run,-18
-2,199883.34375,Melee,-18
-2,195418.53125,Melee,-18
-2,194176.4375,Burst,-18
-2,192985.578125,Melee,-18
-2,191845.9375,Melee,-18
-2,190757.53125,Melee,-18
-2,189683.328125,Burst,-18
-2,188390.0,Run,-18
-2,187096.671875,Run,-18
-2,185803.34375,Run,-18
-2,184510.015625,Run,-18
-2,183216.6875,Dash,-18
-2,181923.359375,Run,-18
-2,180630.03125,Run,-18
-2,179336.6875,Run,-18
-2,178043.359375,Run,-18
-2,176750.03125,Run,-18
-2,175456.703125,Run,-18
-2,174163.375,Run,-18
-2,172870.046875,Dash,-18
-2,171664.0,Dash,-18
-1,170363.921875,Run,-18
-1,169070.59375,Run,-18
-1,167828.515625,Jump,-18
-1,166637.6875,Jump,-18
-1,165498.09375,Run,-18
-1,164409.765625,Jump,-18
1,163372.671875,Run,-18
1,163680.15625,Run,-18
1,165332.234375,Run,-18
1,167035.546875,Run,-18
1,168790.109375,Blast,-18
1,170595.921875,Run,-18
1,171649.6875,Run,-18
1,172264.625,Blast,-18
1,172930.859375,Jump,-18
0,172458.5625,Run,-17
0,171986.546875,Run,-17
0,171514.53125,Run,-17
0,171042.515625,Run,-17
0,170570.5,Run,-17
0,170098.484375,Run,-17
0,169626.46875,Run,-17
1,169646.09375,Run,-17
1,171133.1875,Run,-17
1,172671.546875,Run,-17
-1,174261.140625,Run,-17
-1,175153.28125,Run,-17
-1,175426.59375,Run,-17
-1,175699.921875,Run,-17
-1,175973.25,Run,-17
-1,176246.5625,Run,-17
-1,176519.890625,Run,-17
-1,175845.078125,Run,-17
-1,175172.140625,Run,-17
-1,174501.25,Run,-17
-1,173817.421875,Run,-17
-1,173151.34375,Run,-17
-1,172487.96875,Run,-17
-1,171827.59375,Run,-17
-1,171170.515625,Run,-17
-1,170517.125,Run,-17
-1,169867.8125,Run,-17
-1,169223.03125,Run,-17
-1,168583.3125,Run,-17
-1,167949.296875,Run,-17
-1,167321.640625,Run,-17
-1,166701.1875,Run,-17
-1,166088.828125,Run,-17
-1,165485.640625,Run,-17
1,164892.875,Run,-17
1,164363.125,Run,-17
1,163895.90625,Jump,-17
1,163497.390625,Run,-17
1,163975.9375,Run,-17
1,164505.34375,Run,-17
1,164277.84375,Jump,-17
-1,164121.28125,Run,-17
-1,164804.359375,Run,-17
-1,165538.671875,Jump,-17
-1,166038.3125,Jump,-17
-1,166253.390625,Jump,-17
-1,168215.234375,Run,-17
-1,170228.296875,Jump,-17
-1,172292.59375,Run,-17
1,173924.25,Jump,-17
1,174998.0625,Dash,-17
1,176071.90625,Run,-17
1,174388.46875,Run,-17
3,172652.25,Run,-17
3,172486.140625,Run,-17
3,172181.140625,Run,-17
-3,171737.25,Run,-17
-3,171154.46875,Run,-17
-3,170432.8125,Run,-17
-3,169572.25,Run,-17
-3,168572.8125,Run,-17
-3,167434.46875,Run,-17
-3,166157.25,Run,-17
-3,164741.15625,Run,-17
-3,163186.15625,Run,-17
-3,166173.671875,Dash,-17
1,167304.875,Run,-17
-2,168504.0625,Run,-17
-2,170531.5,Run,-17
-2,172643.3125,Run,-17
-2,174840.6875,Run,-17
-2,177125.015625,Run,-17
-2,179497.78125,Run,-17
-2,181960.609375,Dash,-17
-2,184515.375,Run,-17
-2,187164.109375,Run,-17
-2,189909.140625,Run,-17
-2,192753.125,Run,-17
-2,195699.09375,Dash,-17
-2,198750.5625,Run,-17
-2,201911.6875,Dash,-17
-2,205187.375,Run,-17
-2,208583.546875,Run,-17
-2,212107.34375,Dash,-17
-2,215767.46875,Run,-17
-2,219574.40625,Run,-17
-2,223708.203125,Dash,-17
-2,227950.5625,Run,-17
-2,232301.125,Run,-17
-2,236759.375,Run,-17
-2,241324.546875,Run,-17
-2,245995.625,Run,-17
-2,250771.34375,Run,-17
-2,255650.15625,Run,-17
-2,259283.3125,Run,-17
-2,261906.71875,Run,-17
-2,264550.1875,Dash,-17
-2,267213.6875,Run,-17
-2,272646.96875,Run,-17
-2,278133.0625,Run,-17
-2,283671.90625,Run,-17
-2,289263.53125,Run,-17
-1,294907.9375,Run,-17
-1,298703.46875,Run,-17
-1,302631.125,Jump,-17
-1,306690.78125,Run,-17
-1,310882.4375,Run,-17
-1,315206.125,Run,-17
-1,319661.8125,Run,-17
-1,324249.53125,Run,-17
-1,324217.5,Jump,-17
-1,324264.75,Run,-17
2,324391.1875,Jump,-17
1,323281.96875,Run,-17
1,323178.96875,Run,-17
1,321840.25,Run,-17
1,322296.9375,Jump,-17
1,322808.96875,Blast,-17
1,321688.9375,Run,-17
1,320648.125,Run,-17
1,319686.5625,Run,-17
1,318804.1875,Run,-17
1,318001.09375,Run,-17
1,317277.1875,Jump,-17
1,316632.5625,Jump,-17
0,316068.1875,Run,-16
0,315503.84375,Run,-16
0,314939.46875,Run,-16
0,314375.125,Run,-16
0,313810.75,Run,-16
0,313246.375,Dash,-16
0,312682.03125,Dash,-16
0,312117.65625,Run,-16
1,311311.0625,Run,-16
1,309189.21875,Run,-16
1,307146.5625,Run,-16
1,305183.1875,Run,-16
1,303299.03125,Blast,-16
1,301494.0625,Run,-16
1,299768.375,Run,-16
-1,298121.875,Run,-16
-1,296554.65625,Dash,-16
-1,295984.875,Dash,-16
-1,296407.4375,Run,-16
-1,296830.0,Run,-16
-1,297252.5625,Run,-16
-1,297675.125,Run,-16
-1,298097.6875,Run,-16
-1,298520.25,Run,-16
-1,298942.84375,Run,-16
-1,299365.40625,Run,-16
-1,299787.96875,Run,-16
-1,300210.53125,Run,-16
-1,300633.09375,Run,-16
-1,301055.65625,Run,-16
-1,301478.21875,Run,-16
-1,301900.8125,Dash,-16
-1,302323.375,Run,-16
-1,302745.9375,Run,-16
-1,303168.5,Run,-16
-1,305156.125,Run,-16
-1,307138.5625,Run,-16
-1,309115.375,Dash,-16
-1,311086.09375,Run,-16
-1,315565.46875,Run,-16
-1,318618.03125,Run,-16
-1,321780.875,Run,-16
-1,325053.9375,Run,-16
-1,328437.28125,Jump,-16
-1,331930.84375,Jump,-16
-1,335534.6875,Run,-16
-1,339248.8125,Run,-16
-1,343073.125,Run,-16
1,347007.71875,Jump,-16
1,349443.4375,Dash,-16
1,351909.25,Jump,-16
1,350282.5,Run,-16
1,348734.96875,Run,-16
1,345924.6875,Run,-16
1,343860.125,Jump,-16
-1,343000.4375,Run,-16
-1,340024.09375,Run,-16
-1,337187.78125,Melee,-16
-1,333762.5,Run,-16
-1,330510.28125,Run,-16
-1,327383.34375,Run,-16
-1,324377.8125,Dash,-16
-1,321490.15625,Run,-16
-1,318717.15625,Run,-16
-1,316056.125,Jump,-16
-1,313504.625,Jump,-16
1,311060.65625,Run,-16
1,309569.6875,Run,-16
1,308193.8125,Run,-16
1,306934.3125,Run,-16
1,305792.9375,Jump,-16
1,304771.65625,Jump,-16
1,303872.90625,Jump,-16
1,303099.5,Run,-16
1,302454.59375,Jump,-16
1,301941.75,Run,-16
1,301564.8125,Run,-16
1,300982.0,Jump,-16
1,300084.625,Run,-16
1,299266.46875,Jump,-16
1,298527.5625,Jump,-16
1,297867.9375,Run,-16
1,297287.53125,Run,-16
1,296786.375,Jump,-16
-1,295993.4375,Run,-16
-1,292421.5,Jump,-16
-1,290573.125,Run,-16
-3,288804.0,Run,-16
-3,284419.5,Run,-16
-3,280035.03125,Run,-16
-3,274450.75,Run,-16
-3,268863.5625,Dash,-16
-3,263326.375,Run,-16
-3,255781.28125,Run,-16
-3,249735.3125,Run,-16
-3,245477.125,Run,-16
-3,241218.96875,Run,-16
-3,236960.78125,Run,-16
-3,232702.625,Run,-16
-3,228444.4375,Run,-16
-1,224186.28125,Run,-16
-1,222643.953125,Run,-16
-1,221177.421875,Jump,-16
-1,219786.65625,Jump,-16
-1,218471.65625,Jump,-16
-1,217232.4375,Run,-16
-1,215797.4375,Run,-16
-1,214896.09375,Run,-16
-1,214112.34375,Run,-16
-1,213449.21875,Run,-16
-1,212909.140625,Jump,-16
-1,212494.96875,Run,-16
1,212210.03125,Jump,-16
1,212057.96875,Run,-16
1,211086.40625,Jump,-16
1,210285.125,Jump,-16
1,209658.875,Run,-16
1,209062.453125,Run,-16
1,208076.59375,Run,-16
1,207190.125,Run,-16
1,206403.0625,Run,-16
1,205715.390625,Run,-16
1,205127.125,Run,-16
1,204638.3125,Jump,-16
1,205768.75,Jump,-16
1,209269.421875,Run,-16
1,212849.328125,Run,-16
1,216508.46875,Jump,-16
1,219431.5,Run,-16
1,223239.21875,Run,-16
1,227126.15625,Run,-16
1,228623.890625,Run,-16
-2,229257.96875,Run,-16
-2,228391.109375,Run,-16
-2,227524.171875,Run,-16
-2,226654.53125,Run,-16
-2,225787.59375,Dash,-16
-2,224920.65625,Run,-16
-2,222639.21875,Run,-16
-2,220357.8125,Run,-16
-2,218076.375,Run,-16
-2,217129.40625,Run,-16
-2,216129.4375,Run,-17
-2,215076.6875,Dash,-17
-2,213971.171875,Run,-17
-2,212810.5,Run,-17
-2,211601.84375,Run,-17
-2,210337.984375,Dash,-17
-2,209021.34375,Jump,-17
-2,207651.9375,Run,-17
-2,206528.8125,Run,-17
-2,205405.6875,Run,-17
1,204468.546875,Run,-17
-2,203531.40625,Run,-17
-2,201501.234375,Run,-17
-2,199491.109375,Dash,-17
-2,197501.03125,Run,-17
-2,195531.03125,Run,-17
-2,193581.0625,Run,-17
-2,191651.15625,Run,-17
-3,189741.3125,Run,-17
-3,186182.65625,Run,-17
-3,182676.75,Run,-17
-3,179223.65625,Run,-17
-3,175823.3125,Run,-17
-3,172473.0625,Run,-17
-3,169178.28125,Run,-17
-3,165936.28125,Run,-17
-3,162747.0625,Run,-17
-3,159610.625,Run,-17
-3,156526.953125,Run,-17
-3,153496.0625,Run,-17
-3,148709.5625,Run,-17
1,147978.03125,Run,-17
-2,147325.90625,Run,-17
-1,145867.0,Run,-17
-1,144511.1875,Run,-17
-1,143332.359375,Run,-17
-1,142330.8125,Run,-17
-1,141507.390625,Blast,-17
-1,140863.359375,Jump,-17
-1,140513.984375,Run,-17
0,140042.53125,Jump,-16
0,139647.046875,Jump,-16
0,139325.515625,Jump,-16
0,138997.28125,Run,-15
0,138346.359375,Dash,-15
0,137695.4375,Run,-15
0,137044.515625,Run,-15
1,136226.21875,Run,-15
1,135445.328125,Run,-15
1,134743.6875,Run,-15
1,134953.796875,Run,-15
8,135243.171875,Jump,-15
8,135611.78125,Run,-15
8,136059.65625,Jump,-15
8,136586.75,Dash,-15
8,137193.125,Dash,-15
8,137878.71875,Run,-15
8,138643.59375,Dash,-15
8,137754.28125,Run,-15
8,137101.0,Run,-15
8,136472.671875,Run,-15
8,135869.3125,Dash,-15
8,135290.90625,Melee,-16
8,134737.4375,Melee,-16
8,134208.9375,Melee,-16
8,133705.40625,Melee,-16
8,133226.8125,Melee,-16
8,132773.171875,Melee,-16
8,132344.484375,Melee,-16
8,131940.765625,Melee,-16
8,131562.0,Melee,-16
8,131208.1875,Melee,-16
8,132875.4375,Melee,-16
8,134701.46875,Melee,-16
8,135573.03125,Melee,-16
8,136379.515625,Melee,-16
8,137265.4375,Melee,-16
8,138230.265625,Melee,-16
8,139274.34375,Melee,-16
8,140397.671875,Melee,-16
8,141600.21875,Melee,-16
8,142882.28125,Dash,-16
1,143753.84375,Run,-16
-2,144704.65625,Run,-16
-2,146224.125,Run,-16
-1,147822.859375,Run,-16
-1,149011.359375,Run,-16
-1,150279.09375,Run,-17
-1,149818.5625,Run,-17
-1,149358.046875,Run,-17
1,148897.53125,Run,-17
1,148437.015625,Run,-17
1,147466.984375,Dash,-17
1,146488.921875,Run,-17
1,145502.828125,Dash,-17
1,144252.90625,Jump,-17
1,144167.34375,Dash,-17
8,143653.5,Dash,-17
8,143128.15625,Run,-17
8,142591.03125,Run,-17
8,142064.03125,Run,-17
8,141539.484375,Jump,-17
8,141015.75,Jump,-17
8,140492.03125,Run,-17
8,139968.25,Run,-17
8,140492.390625,Run,-17
8,141016.125,Run,-17
8,141539.84375,Run,-17
8,142063.5625,Run,-17
8,141314.703125,Run,-17
8,140790.625,Run,-17
8,141933.828125,Run,-17
8,143175.90625,Run,-17
8,144516.96875,Run,-17
8,145957.21875,Run,-17
8,147497.21875,Run,-17
8,149136.5,Run,-17
8,150875.5625,Run,-17
8,152714.390625,Run,-17
8,154407.90625,Run,-17
8,155907.0625,Run,-17
8,157426.3125,Run,-17
8,158965.453125,Run,-17
8,158621.921875,Run,-17
8,160014.578125,Run,-17
8,161505.46875,Run,-17
8,163095.515625,Run,-17
8,164784.140625,Run,-17
1,165852.53125,Run,-17
-2,167000.84375,Run,-17
-2,168969.09375,Run,-17
-2,171037.4375,Run,-17
-3,173206.21875,Run,-17
-3,176731.40625,Run,-17
-3,179939.8125,Run,-17
-3,183040.46875,Run,-17
-3,186193.90625,Run,-17
-3,189400.109375,Run,-17
-3,192656.4375,Run,-17
-3,195968.203125,Run,-17
-3,199332.734375,Run,-17
-3,202750.046875,Run,-17
-3,206220.140625,Run,-17
-3,209743.015625,Dash,-17
-3,213318.65625,Run,-17
1,216703.40625,Run,-17
-2,220088.125,Run,-17
-2,224432.0625,Run,-17
-2,228828.75,Run,-17
-2,233278.21875,Run,-17
-1,237780.46875,Dash,-17
1,241270.75,Run,-17
1,244761.0625,Run,-17
1,247133.84375,Dash,-17
-2,249453.84375,Dash,-17
-2,252891.34375,Dash,-18
-2,256328.84375,Melee,-18
-2,256328.84375,Melee,-18
-2,256328.84375,Melee,-18
-2,256328.84375,Melee,-18
-2,256328.84375,Melee,-18
-2,256328.84375,Burst,-18
-2,256328.84375,Burst,-18
-2,255132.1875,Melee,-18
-2,253935.5,Melee,-18
-2,252738.8125,Melee,-18
-2,251542.140625,Burst,-18
-2,250345.53125,Melee,-18
-2,249148.84375,Melee,-18
-2,247952.15625,Melee,-18
-2,246755.46875,Melee,-18
-2,245558.8125,Melee,-18
-2,245558.8125,Melee,-18
-2,245558.8125,Melee,-18
-1,245558.8125,Melee,-18
-1,245558.8125,Run,-18
-1,245558.8125,Run,-18
-1,245558.8125,Dash,-18
1,245558.8125,Run,-18
3,245558.8125,Dash,-18
-3,242409.625,Dash,-18
-3,239260.4375,Run,-18
-3,236111.28125,Run,-18
-3,232962.09375,Run,-18
-3,229812.90625,Melee,-18
-3,226663.734375,Melee,-18
-3,223514.5625,Melee,-18
-3,220365.375,Melee,-18
-3,217216.203125,Melee,-18
-3,214067.03125,Melee,-18
-3,210917.84375,Melee,-18
-3,207768.671875,Melee,-18
1,207768.671875,Melee,-18
-2,207768.671875,Run,-18
-2,206571.984375,Run,-18
-2,205375.3125,Run,-18
-2,204178.625,Run,-18
-2,202981.9375,Run,-18
-2,201785.25,Run,-18
-2,200588.578125,Run,-18
-1,199391.890625,Run,-18
-1,199391.890625,Run,-18
1,199391.890625,Run,-18
1,199391.890625,Run,-18
8,200588.578125,Jump,-18
8,201785.25,Burst,-18
8,202981.9375,Dash,-18
8,204179.0625,Run,-18
8,205375.9375,Dash,-18
8,206572.609375,Dash,-18
8,207769.28125,Dash,-18
8,208965.96875,Dash,-18
8,210162.8125,Jump,-18
8,211359.9375,Dash,-18
8,212556.59375,Burst,-18
8,213753.265625,Run,-18
8,214949.953125,Run,-18
8,216146.46875,Run,-18
8,217343.8125,Run,-18
8,218540.484375,Burst,-18
8,219737.15625,Run,-18
8,220933.84375,Dash,-18
8,222129.75,Dash,-18
8,223327.0625,Burst,-18
8,224523.71875,Dash,-18
0,223376.640625,Run,-17
0,222230.875,Run,-17
0,221085.125,Run,-17
0,219939.34375,Run,-17
0,218793.59375,Run,-17
0,217647.8125,Run,-17
0,216502.0625,Run,-17
1,216061.71875,Run,-17
1,217073.625,Run,-17
1,218164.78125,Jump,-17
-2,219335.171875,Run,-17
-2,219337.28125,Run,-17
-2,219339.40625,Run,-18
-2,219844.203125,Run,-18
-2,220346.4375,Run,-18
-2,220848.671875,Run,-18
-2,221350.90625,Run,-18
-2,221850.59375,Run,-18
-2,221205.765625,Run,-18
-2,220630.328125,Run,-18
-2,219638.921875,Run,-18
-2,219957.96875,Run,-18
-2,220595.75,Run,-18
-2,221291.78125,Jump,-18
-2,222046.15625,Run,-18
-2,223428.109375,Jump,-18
-2,224629.359375,Dash,-18
-2,225830.59375,Burst,-18
-2,224251.0,Run,-18
1,221470.140625,Melee,-18
1,218689.28125,Burst,-18
8,217004.125,Melee,-18
8,215266.1875,Melee,-18
8,213475.46875,Melee,-18
8,211631.96875,Melee,-18
8,209735.6875,Melee,-18
8,207785.84375,Melee,-18
8,205784.65625,Melee,-18
8,203730.03125,Melee,-18
8,201622.65625,Melee,-18
8,202507.234375,Melee,-18
8,203390.75,Melee,-18
8,204276.046875,Melee,-18
8,205160.609375,Melee,-18
8,206045.1875,Melee,-18
8,205160.609375,Run,-18
8,204276.03125,Run,-18
8,203391.4375,Run,-18
8,202506.640625,Run,-18
8,201622.046875,Jump,-18
8,200737.46875,Dash,-18
8,199852.875,Dash,-18
8,198968.296875,Run,-18
8,198083.0625,Run,-18
8,197198.65625,Jump,-18
8,196314.09375,Run,-18
8,195429.5,Run,-18
8,194544.921875,Jump,-18
8,193659.46875,Run,-18
8,192775.375,Run,-18
8,191890.765625,Run,-18
0,191624.0625,Run,-17
0,191439.3125,Run,-17
0,191333.78125,Run,-17
0,191307.484375,Run,-17
0,191360.421875,Run,-17
0,191492.59375,Run,-17
0,191703.984375,Run,-17
0,191911.734375,Run,-17
0,191911.734375,Run,-17
0,191911.734375,Run,-17
0,191911.734375,Run,-17
0,191911.734375,Run,-17
0,192948.375,Run,-17
0,193985.03125,Run,-18
0,192955.71875,Run,-18
0,191926.578125,Run,-18
0,190897.421875,Run,-18
0,189868.265625,Run,-18
0,188839.125,Run,-18
0,187809.96875,Run,-18
0,186780.8125,Run,-18
0,186362.734375,Run,-18
0,187205.140625,Run,-18
0,188124.109375,Run,-18
0,189119.734375,Run,-17
0,190192.34375,Run,-17
0,191342.53125,Run,-18
0,192571.15625,Melee,-18
0,193879.421875,Melee,-18
0,194248.125,Melee,-18
0,194696.0625,Melee,-18
0,195223.28125,Melee,-18
0,195661.53125,Melee,-18
0,195661.53125,Melee,-18
0,195661.53125,Melee,-18
0,195661.53125,Melee,-18
0,195661.53125,Melee,-18
0,195661.53125,Melee,-18
0,195661.53125,Melee,-18
0,195661.53125,Melee,-18
0,195661.53125,Melee,-18
0,195661.53125,Melee,-18
0,195661.53125,Melee,-18
0,195661.53125,Melee,-18
0,195661.53125,Melee,-18
0,195661.53125,Melee,-18
0,195661.53125,Melee,-18
0,195661.53125,Melee,-18
0,195661.53125,Melee,-18
0,195661.53125,Melee,-18
0,195661.53125,Burst,-18
0,195661.53125,Burst,-18
0,195661.53125,Burst,-18
0,195661.53125,Melee,-18
0,195661.53125,Melee,-18
0,195661.53125,Melee,-18
0,195661.53125,Melee,-18
0,195661.53125,Melee,-18
0,195661.53125,Melee,-18
0,195661.53125,Melee,-18
0,195661.53125,Melee,-18
