playerAggression,distance,nemInput,curReward
1,214369.0,Idle,0
1,214369.0,Idle,0
1,216218.34375,Run,0
1,218067.671875,Burst,0
1,219917.0,Run,0
1,221766.34375,Run,0
1,223594.71875,Run,0
1,225444.0625,Run,0
1,227293.390625,Jump,0
1,229142.71875,Run,0
1,230992.0625,Run,0
1,232841.40625,Run,0
1,234690.75,Run,0
1,236540.0625,Run,0
1,238389.40625,Run,0
1,240238.75,Run,0
1,242088.09375,Burst,0
1,243937.40625,Jump,0
1,245786.75,Run,0
1,247636.09375,Run,0
1,249485.4375,Run,0
1,251334.75,Run,0
1,253184.09375,Jump,0
1,255033.40625,Dash,0
1,256882.75,Run,0
1,258732.0625,Run,0
-2,260581.40625,Run,0
-2,260581.40625,Run,0
-2,260581.40625,Run,0
-2,260581.40625,Run,0
-2,260581.40625,Run,0
-2,260581.40625,Run,0
-2,260581.40625,Run,0
-2,260581.40625,Run,0
-2,262430.6875,Run,0
-2,264280.03125,Run,0
-2,266129.34375,Burst,0
-2,267978.6875,Run,0
-2,269827.125,Run,0
-2,271677.09375,Run,0
-2,273526.40625,Run,0
-2,273453.15625,Run,0
-2,274162.09375,Dash,0
-2,274928.59375,Run,0
-2,274184.125,Dash,0
-1,271609.125,Run,0
-1,269034.15625,Dash,0
-2,266459.1875,Run,0
-2,263884.1875,Run,-1
-2,261309.21875,Run,-1
-2,258734.21875,Run,-1
-2,256159.21875,Run,-1
-2,253584.25,Run,-1
-2,251009.25,Run,-1
-2,248434.25,Run,-1
-2,245859.25,Run,-1
-2,244770.5,Jump,-1
-2,245339.1875,Run,-1
-2,243906.984375,Run,-2
-2,245239.5625,Jump,-2
-2,246587.15625,Dash,-2
-2,247943.625,Run,-2
-2,249311.0625,Dash,-2
-2,250689.46875,Jump,-2
-2,252075.796875,Dash,-2
-2,253478.5,Dash,-2
-2,252907.6875,Run,-2
-1,251270.59375,Run,-2
-2,249726.421875,Run,-2
-2,248272.046875,Run,-2
-2,246907.609375,Run,-2
-2,245633.046875,Run,-2
-2,244448.234375,Run,-2
-2,243352.84375,Run,-2
-2,242346.40625,Run,-2
-2,241428.390625,Run,-2
-2,242012.84375,Run,-2
-2,242666.96875,Dash,-2
-2,243389.96875,Run,-2
-2,244192.4375,Jump,-2
-2,243702.34375,Jump,-2
-2,243317.109375,Jump,-2
-2,243040.4375,Jump,-2
-2,241489.234375,Jump,-2
-2,240034.71875,Jump,-2
-2,238672.0,Jump,-2
-2,237366.84375,Jump,-2
1,237444.5625,Run,-2
1,237560.84375,Run,-2
1,239023.875,Run,-2
8,240520.96875,Run,-2
8,242046.21875,Run,-2
8,243218.296875,Run,-2
8,243371.6875,Dash,-2
8,243502.34375,Dash,-3
8,246499.1875,Dash,-3
8,249496.0625,Dash,-3
8,252492.9375,Dash,-3
8,254124.6875,Dash,-3
8,255703.6875,Dash,-3
8,257227.96875,Dash,-3
8,260143.03125,Run,-3
8,263060.75,Run,-3
8,267473.6875,Run,-3
8,271943.875,Burst,-3
8,276464.125,Jump,-3
8,281037.125,Run,-3
8,282613.3125,Run,-3
8,284186.0,Run,-3
8,284585.59375,Jump,-3
8,284962.6875,Run,-3
8,283406.5625,Run,-3
8,281850.4375,Run,-3
8,279133.71875,Dash,-3
8,276439.8125,Blast,-3
8,273764.84375,Run,-3
8,273764.84375,Run,-3
8,275290.875,Run,-3
8,276816.9375,Run,-3
8,278339.5,Run,-3
8,279868.0,Run,-3
0,278478.40625,Run,-2
0,277090.40625,Run,-2
0,275702.40625,Run,-2
0,274314.40625,Run,-2
0,272926.4375,Run,-2
0,271538.40625,Blast,-2
0,270150.4375,Run,-2
1,269662.0,Run,-2
1,271003.71875,Run,-2
1,272424.6875,Blast,-2
1,273924.875,Run,-2
1,275504.3125,Run,-2
8,277162.96875,Run,-2
8,278900.875,Run,-2
8,280717.96875,Burst,-2
8,282614.34375,Run,-2
8,284589.90625,Run,-2
8,286644.75,Run,-2
8,288557.0,Run,-2
8,290083.0625,Run,-2
8,291609.09375,Run,-2
8,293135.125,Run,-2
8,294661.5,Run,-2
8,296187.5,Run,-2
8,297713.5625,Jump,-2
8,299239.59375,Run,-2
8,300765.625,Run,-2
8,300765.625,Run,-2
8,300765.625,Run,-2
8,300765.625,Run,-2
8,300765.625,Run,-2
8,302292.125,Run,-2
8,303818.125,Jump,-2
8,305344.1875,Dash,-2
8,306870.21875,Run,-2
8,308396.25,Dash,-2
8,309922.71875,Jump,-2
0,308532.6875,Jump,-1
0,307144.25,Jump,-1
0,305755.78125,Jump,-1
0,304367.3125,Jump,-1
0,302978.875,Jump,-1
0,301590.4375,Jump,-1
0,300201.96875,Jump,-1
8,299713.09375,Jump,-1
8,301054.375,Run,-1
8,302474.875,Dash,-1
8,303974.625,Jump,-1
8,300466.03125,Run,-1
8,297036.6875,Melee,-2
8,293686.5625,Melee,-2
8,290415.65625,Melee,-2
8,287224.0,Melee,-2
8,284111.5625,Melee,-2
8,281078.375,Melee,-2
8,277932.15625,Melee,-2
8,274370.625,Melee,-2
8,270809.125,Melee,-2
8,267247.59375,Melee,-2
8,263686.0625,Melee,-2
8,264874.53125,Melee,-2
8,266081.8125,Melee,-2
8,267292.90625,Melee,-2
8,268502.25,Melee,-2
8,269711.625,Melee,-2
8,270921.0,Melee,-2
8,272127.46875,Melee,-2
8,273339.1875,Melee,-2
8,274548.5625,Melee,-2
8,275757.9375,Melee,-2
8,275757.9375,Melee,-2
8,275757.9375,Melee,-2
8,274548.5625,Run,-2
8,273339.1875,Run,-2
8,272129.8125,Dash,-2
1,272129.8125,Run,-2
1,272129.8125,Run,-2
1,270920.4375,Jump,-2
1,269711.0625,Run,-2
1,268501.6875,Run,-2
1,267292.3125,Run,-2
1,266082.9375,Run,-2
1,264873.5625,Dash,-2
1,263664.1875,Run,-2
1,262454.8125,Run,-2
1,261245.46875,Jump,-2
1,260036.09375,Run,-2
8,258826.71875,Melee,-2
8,257617.34375,Burst,-2
8,256407.96875,Burst,-3
8,253988.625,Burst,-3
8,251584.21875,Burst,-3
8,249192.859375,Burst,-3
8,246820.015625,Melee,-3
8,244459.9375,Melee,-3
8,242114.65625,Burst,-3
8,239784.15625,Burst,-3
0,240515.546875,Melee,-2
0,241246.59375,Melee,-2
0,241977.625,Melee,-2
0,242708.65625,Burst,-2
-1,243439.6875,Melee,-2
1,243514.15625,Melee,-2
1,242344.625,Melee,-2
1,242410.484375,Burst,-2
1,242554.125,Melee,-2
-1,242775.53125,Melee,-2
-2,244052.25,Burst,-2
-2,245209.90625,Melee,-2
8,246367.5625,Melee,-2
8,247525.1875,Melee,-2
8,248682.875,Melee,-2
8,249840.53125,Melee,-2
8,250996.0,Melee,-2
8,249839.046875,Melee,-2
8,248681.875,Run,-1
8,247524.21875,Run,-1
8,246366.5625,Run,-2
8,245208.90625,Run,-2
8,244050.0,Burst,-2
8,242893.203125,Melee,-2
8,241735.53125,Melee,-2
8,240577.875,Melee,-2
8,239420.21875,Melee,-2
8,238260.96875,Melee,-2
8,237104.59375,Melee,-2
8,235946.9375,Melee,-2
8,234789.28125,Melee,-2
8,233631.625,Melee,-2
8,232551.21875,Melee,-2
8,231553.84375,Melee,-2
8,230633.875,Melee,-2
8,229793.15625,Dash,-2
8,229031.6875,Run,-2
8,228347.03125,Run,-2
8,227399.71875,Run,-2
8,226242.0625,Melee,-2
8,225084.40625,Melee,-2
8,223926.75,Melee,-2
8,223926.75,Melee,-2
1,223926.75,Melee,-2
1,223926.75,Melee,-2
1,225084.40625,Melee,-2
1,226242.0625,Melee,-2
1,227399.703125,Melee,-2
1,228557.34375,Melee,-2
1,229715.0,Melee,-2
1,230872.65625,Melee,-2
1,232030.3125,Melee,-2
1,233187.9375,Run,-2
5,234345.59375,Run,-2
5,234345.59375,Run,-3
5,233282.65625,Run,-3
5,232226.875,Run,-3
5,231171.09375,Run,-3
5,230115.3125,Run,-3
5,229059.53125,Melee,-3
5,228003.734375,Melee,-3
5,226947.953125,Melee,-3
5,226572.796875,Melee,-3
5,226447.03125,Melee,-3
1,226400.5,Melee,-3
-2,226433.203125,Melee,-3
-2,227649.765625,Melee,-3
-2,228945.5625,Melee,-3
-2,230320.59375,Burst,-3
1,231774.875,Burst,-3
1,231099.09375,Burst,-3
1,230423.171875,Burst,-3
1,229318.546875,Burst,-3
5,228213.90625,Melee,-3
5,228213.90625,Melee,-4
5,228213.90625,Melee,-4
5,228213.90625,Melee,-4
5,228213.90625,Melee,-4
5,228213.90625,Melee,-4
5,228213.90625,Melee,-4
5,228213.90625,Melee,-4
5,228213.90625,Melee,-4
5,228213.90625,Melee,-4
5,228213.90625,Melee,-4
1,228213.90625,Melee,-4
8,228213.90625,Melee,-4
8,229318.546875,Melee,-4
8,230423.171875,Melee,-4
8,231527.8125,Melee,-4
8,232632.4375,Melee,-4
8,233737.0625,Burst,-4
8,234838.4375,Melee,-4
8,235945.625,Melee,-4
8,237050.25,Melee,-4
8,238154.875,Melee,-4
8,239259.5,Melee,-4
8,240361.34375,Melee,-4
8,240361.34375,Melee,-4
8,239257.578125,Run,-4
8,238153.75,Dash,-4
8,237049.09375,Run,-4
8,235944.46875,Run,-5
8,233668.3125,Dash,-5
8,231414.84375,Dash,-5
8,229179.03125,Dash,-5
8,226956.734375,Jump,-5
8,224749.21875,Jump,-5
8,222556.46875,Dash,-5
8,220376.53125,Melee,-5
8,218892.8125,Melee,-5
8,217657.4375,Melee,-5
8,216501.28125,Melee,-5
8,215424.390625,Melee,-5
8,214424.40625,Melee,-5
8,213508.234375,Melee,-5
8,212669.03125,Melee,-5
8,211909.046875,Burst,-5
1,212279.6875,Melee,-5
8,212729.546875,Run,-5
8,214310.03125,Run,-5
8,215743.96875,Run,-5
8,216795.34375,Melee,-5
8,217843.875,Melee,-5
8,218897.625,Melee,-5
8,219948.96875,Melee,-5
8,221000.34375,Melee,-5
8,222051.71875,Melee,-5
8,221000.34375,Melee,-6
8,219948.96875,Melee,-6
8,218897.59375,Melee,-6
8,217846.234375,Melee,-6
8,216792.5,Melee,-6
8,215743.453125,Melee,-6
8,214692.0625,Melee,-6
8,213640.6875,Melee,-6
8,212589.328125,Melee,-6
8,211535.40625,Burst,-6
8,210486.6875,Dash,-6
8,209435.328125,Dash,-6
8,208383.953125,Run,-6
8,207332.578125,Burst,-6
0,204743.75,Burst,-5
0,204075.921875,Burst,-5
0,203409.265625,Burst,-5
0,202742.59375,Melee,-5
0,202075.9375,Melee,-5
0,201409.28125,Melee,-5
0,200742.625,Melee,-5
1,200742.625,Melee,-5
-2,200742.625,Melee,-5
8,199691.25,Melee,-5
8,198639.875,Melee,-5
8,197591.375,Burst,-5
8,196540.015625,Melee,-5
8,195488.640625,Melee,-5
8,194437.28125,Melee,-5
8,193385.03125,Melee,-5
8,192334.03125,Melee,-5
8,191282.671875,Melee,-5
8,190231.296875,Melee,-5
8,190231.296875,Melee,-5
8,190231.296875,Melee,-5
8,190231.296875,Melee,-5
8,190231.296875,Melee,-5
8,191282.671875,Jump,-5
8,192334.03125,Dash,-5
8,193385.40625,Burst,-4
8,194434.890625,Run,-4
8,195487.640625,Run,-4
8,196539.0,Run,-5
8,197232.296875,Melee,-5
8,198004.8125,Melee,-5
8,198855.078125,Melee,-5
8,199787.0625,Melee,-5
8,200797.25,Melee,-5
8,201886.703125,Melee,-5
8,203055.375,Melee,-5
8,204302.328125,Melee,-5
8,205630.078125,Melee,-5
8,207036.4375,Burst,-5
8,208522.0625,Dash,-5
8,210086.90625,Dash,-5
1,210679.625,Dash,-5
-2,211075.96875,Dash,-5
8,212127.34375,Run,-5
8,213178.703125,Run,-5
8,213178.703125,Run,-5
8,213178.703125,Run,-5
8,213178.703125,Run,-5
8,213178.703125,Run,-5
8,213178.703125,Run,-5
8,213178.703125,Run,-5
8,213178.703125,Run,-5
8,213178.703125,Run,-5
8,213178.703125,Run,-5
8,212127.34375,Burst,-6
8,211075.34375,Run,-6
8,210023.96875,Run,-6
8,208972.59375,Run,-6
8,207921.21875,Burst,-6
8,206869.84375,Burst,-6
8,205817.9375,Burst,-6
8,204766.546875,Burst,-6
8,205817.921875,Burst,-7
8,206868.3125,Melee,-7
8,207920.28125,Melee,-7
8,208971.640625,Melee,-7
8,210023.0,Jump,-7
8,211074.375,Burst,-7
8,211074.375,Burst,-7
8,211074.375,Burst,-7
8,210023.0,Burst,-7
8,208971.640625,Burst,-7
8,207920.265625,Jump,-7
8,206868.90625,Jump,-7
1,206868.90625,Jump,-7
-2,206868.90625,Jump,-7
-2,205817.53125,Burst,-7
-2,204766.15625,Burst,-7
-2,203714.78125,Melee,-7
-1,202663.40625,Melee,-7
-1,202663.40625,Melee,-7
-1,202663.40625,Melee,-7
-1,202663.40625,Melee,-7
-1,202663.40625,Melee,-7
1,202663.40625,Melee,-7
-2,202663.40625,Melee,-7
-2,201612.03125,Melee,-7
-2,200560.671875,Melee,-7
-2,199509.296875,Melee,-7
-3,198457.9375,Melee,-7
-3,195691.15625,Melee,-7
-3,192924.375,Melee,-7
-3,190157.59375,Melee,-7
-3,187390.8125,Melee,-7
-3,184624.03125,Melee,-7
-3,181857.265625,Melee,-7
-3,179090.5,Melee,-7
-3,176323.71875,Melee,-7
-3,173556.9375,Dash,-7
-3,170790.171875,Run,-7
-3,168023.40625,Run,-7
-3,165256.625,Run,-7
1,165256.625,Run,-7
-2,165256.625,Run,-7
-2,164205.25,Run,-7
-2,163153.875,Run,-7
-2,162102.5,Run,-7
-2,161051.125,Run,-7
-2,159999.75,Dash,-7
-2,158948.375,Run,-7
-2,157894.296875,Run,-7
-2,156842.921875,Run,-7
-2,155791.546875,Run,-7
-2,154740.15625,Run,-7
-2,153688.78125,Run,-7
-2,152637.40625,Run,-7
-2,151586.03125,Run,-7
-1,150534.65625,Run,-7
-1,147580.890625,Run,-7
-1,144706.796875,Jump,-7
-1,141911.9375,Jump,-7
-1,139196.34375,Run,-7
-1,136559.984375,Jump,-7
-1,134002.875,Run,-7
-1,131525.03125,Run,-7
-1,129126.421875,Run,-7
-1,126807.0703125,Jump,-7
-1,124566.9609375,Run,-7
-1,122406.1015625,Run,-7
-1,120324.5,Run,-7
-1,118322.125,Jump,-7
-1,116399.015625,Jump,-7
-1,114555.15625,Jump,-7
-1,112790.546875,Run,-7
-1,111675.7734375,Run,-7
-1,110640.25,Dash,-7
-1,110155.421875,Run,-7
-1,110578.078125,Run,-7
-1,111000.75,Run,-7
-1,111423.40625,Run,-7
2,111846.0625,Dash,-7
2,110608.125,Run,-7
2,109449.421875,Jump,-7
2,108369.96875,Run,-7
2,107369.7734375,Run,-7
2,106448.8203125,Jump,-7
2,105607.125,Run,-7
2,104844.6640625,Jump,-7
2,104161.4609375,Run,-7
-1,103557.5,Jump,-7
-1,101317.390625,Dash,-7
-1,100155.078125,Jump,-7
-1,99072.0,Jump,-7
-1,98068.171875,Run,-7
-1,97143.59375,Run,-7
-1,96846.890625,Dash,-7
-1,97269.546875,Run,-7
-1,97692.203125,Run,-7
-1,98114.859375,Run,-7
-1,98537.53125,Run,-7
-1,98960.1875,Run,-7
2,99382.84375,Run,-7
2,98144.8984375,Run,-7
2,96986.203125,Jump,-7
2,95906.75,Run,-7
2,94906.546875,Run,-7
2,93985.59375,Run,-7
2,93143.890625,Run,-7
2,92381.4453125,Dash,-7
2,91698.234375,Jump,-7
2,91094.28125,Jump,-7
-1,90569.578125,Run,-7
-1,89407.25,Run,-7
-1,88324.171875,Jump,-7
-1,87320.3515625,Run,-7
-1,86395.7734375,Run,-7
-1,85550.4375,Jump,-7
-1,84784.359375,Run,-7
-1,84875.0078125,Run,-7
-1,85297.671875,Run,-7
-1,85720.328125,Dash,-7
2,86142.984375,Run,-7
2,84905.0390625,Run,-7
2,83746.34375,Run,-7
2,82666.890625,Jump,-7
2,81666.6953125,Run,-7
2,80745.7421875,Jump,-7
2,79904.0390625,Run,-7
2,79141.5859375,Jump,-7
2,78458.375,Jump,-7
1,77854.421875,Dash,-7
-1,78399.578125,Dash,-7
-1,77308.578125,Run,-7
-1,76296.828125,Run,-7
-1,75364.328125,Run,-7
-1,74511.078125,Dash,-7
-1,73737.078125,Run,-7
-1,73042.3203125,Run,-7
-1,73132.96875,Run,-7
-1,73555.625,Jump,-7
-1,73978.28125,Run,-7
2,74400.9453125,Jump,-7
2,73163.0,Jump,-7
2,72004.3046875,Run,-7
2,70924.8515625,Run,-7
2,69924.65625,Run,-7
2,69003.703125,Run,-7
2,68162.0,Jump,-7
2,67399.546875,Run,-7
2,66716.3359375,Jump,-7
2,66112.3828125,Jump,-7
-1,65587.6796875,Jump,-7
-1,63426.8203125,Run,-7
-1,61345.2109375,Run,-7
-1,60198.73828125,Run,-7
-1,59131.51171875,Run,-7
-1,58143.53515625,Jump,-7
-1,57234.8125,Run,-7
-1,57325.453125,Run,-7
-1,57748.11328125,Run,-7
-1,58170.7734375,Dash,-7
-1,58593.4375,Run,-7
-1,59016.09765625,Jump,-7
-1,59438.7578125,Run,-7
-1,59861.421875,Run,-7
-1,60284.078125,Dash,-7
-1,60706.7421875,Dash,-7
-1,61129.40625,Burst,-7
-1,61552.0625,Run,-7
-1,61974.7265625,Run,-7
-1,62397.390625,Jump,-7
-1,62820.046875,Run,-7
-1,63242.7109375,Burst,-7
-1,63665.37109375,Run,-7
-1,64088.03515625,Run,-7
-1,64510.6953125,Run,-7
-1,64933.35546875,Dash,-7
-1,65356.01953125,Burst,-7
-1,65778.6796875,Run,-7
-1,66201.34375,Dash,-7
-1,66624.0,Burst,-7
-1,67046.6640625,Dash,-7
-1,67469.328125,Dash,-7
-1,67891.984375,Dash,-7
-1,68314.6484375,Jump,-7
-1,68737.3125,Dash,-7
-1,69159.96875,Jump,-7
-1,69582.6328125,Dash,-7
-1,70005.296875,Jump,-7
-1,70427.953125,Run,-7
-1,70850.6171875,Dash,-7
-1,71273.2734375,Dash,-7
-1,71695.9375,Dash,-7
-1,72118.59375,Run,-7
-1,72541.25,Jump,-7
-1,72963.90625,Run,-7
-1,73386.5703125,Run,-7
-1,73809.234375,Run,-7
-1,74231.890625,Dash,-7
-1,74654.546875,Run,-7
-1,75077.203125,Jump,-7
-1,75499.859375,Dash,-7
-1,75922.5234375,Run,-7
-1,76345.1875,Run,-7
-1,76767.84375,Run,-7
-1,77190.5,Run,-7
-1,77613.15625,Run,-7
-1,78035.8203125,Run,-7
-1,78458.4765625,Run,-7
-1,78881.140625,Run,-7
-1,79303.796875,Dash,-7
-1,79726.453125,Run,-7
-1,80149.109375,Run,-7
-1,80571.7734375,Run,-7
-1,80994.4375,Run,-7
-1,81417.09375,Run,-7
2,81839.75,Run,-7
2,80601.8046875,Run,-7
2,79443.109375,Run,-7
2,78363.65625,Run,-7
2,77363.453125,Run,-7
2,76442.5,Jump,-7
2,75600.8046875,Jump,-7
2,74838.3515625,Jump,-7
2,74155.140625,Run,-7
-1,73551.1875,Dash,-7
1,73432.3125,Run,-7
1,74444.0625,Run,-7
1,75535.0625,Run,-7
1,76705.3125,Run,-7
1,77954.8125,Jump,-7
1,79283.546875,Run,-7
1,80691.546875,Run,-7
1,82178.796875,Run,-7
1,83745.28125,Run,-7
1,85391.03125,Jump,-7
1,87116.015625,Jump,-7
1,88920.2578125,Run,-7
1,90803.75,Run,-7
1,92766.484375,Run,-7
1,94808.46875,Run,-7
1,96929.7109375,Jump,-7
1,99130.1953125,Jump,-7
1,101409.9296875,Jump,-7
1,103768.9140625,Dash,-7
1,106207.140625,Dash,-7
1,108724.625,Run,-7
1,111321.359375,Dash,-7
1,113997.328125,Run,-7
1,116752.5625,Run,-7
1,119587.03125,Run,-7
1,122500.7578125,Jump,-7
1,125493.734375,Jump,-7
1,128565.953125,Jump,-7
1,131717.421875,Dash,-7
1,134948.15625,Dash,-7
1,138258.125,Run,-7
1,141647.34375,Jump,-7
1,145115.796875,Dash,-7
1,148663.5,Run,-7
1,152290.46875,Jump,-7
1,155996.6875,Run,-7
1,159782.15625,Run,-7
1,163646.875,Jump,-7
1,167590.8125,Run,-7
1,171614.03125,Jump,-7
3,175716.484375,Jump,-7
3,178483.25,Dash,-7
3,181250.03125,Dash,-7
3,184016.8125,Jump,-7
3,186783.59375,Dash,-7
3,189550.375,Dash,-7
3,192317.15625,Run,-7
3,195083.9375,Run,-6
3,197850.703125,Jump,-6
3,200617.484375,Melee,-6
3,203384.265625,Melee,-6
3,206151.03125,Melee,-6
3,208917.8125,Melee,-6
-1,211684.59375,Melee,-6
-1,212815.21875,Blast,-6
-1,214025.09375,Melee,-6
-1,215314.203125,Melee,-6
-1,216682.578125,Melee,-6
-1,218130.1875,Melee,-6
-1,219657.0625,Melee,-6
-1,221263.15625,Melee,-6
-1,222948.53125,Melee,-6
-2,224166.671875,Melee,-6
-2,225218.046875,Melee,-6
-2,226269.40625,Melee,-6
-2,227320.78125,Run,-6
-2,228372.15625,Blast,-6
-2,229423.53125,Run,-6
-2,230474.90625,Run,-6
-2,231526.28125,Run,-6
-2,232577.640625,Run,-6
-2,233629.015625,Run,-6
-2,234680.390625,Run,-6
-2,235731.765625,Run,-6
-2,236783.125,Run,-6
-2,237834.5,Run,-6
-1,216218.34375,Run,-6
-1,216218.34375,Run,-6
1,216218.34375,Run,-6
-2,216218.34375,Run,-6
-1,213751.5,Dash,-6
-1,209370.546875,Run,-6
-1,204146.53125,Blast,-6
-1,199054.53125,Run,-6
-1,194094.5625,Run,-6
-1,189266.625,Jump,-6
-1,184551.875,Jump,-6
-1,179988.296875,Jump,-6
-1,175554.359375,Run,-6
-1,171254.828125,Run,-6
-1,167087.296875,Run,-6
-1,163051.78125,Run,-6
-1,159148.28125,Run,-6
-1,155376.78125,Jump,-6
-1,152992.625,Run,-6
-1,150687.703125,Run,-6
-1,148462.0,Jump,-6
-1,145872.046875,Run,-6
-1,143814.75,Run,-6
-1,141836.71875,Jump,-6
-1,139880.859375,Jump,-6
-1,138427.765625,Run,-6
-1,137053.90625,Run,-6
-1,135759.265625,Run,-6
-1,134170.15625,Run,-6
-1,132680.234375,Jump,-6
-1,131289.515625,Run,-6
1,130341.640625,Run,-6
1,130935.875,Jump,-6
1,132718.609375,Jump,-6
1,134924.234375,Run,-6
1,137209.09375,Jump,-6
1,139573.203125,Run,-6
1,142016.53125,Run,-6
1,144539.078125,Run,-6
1,146727.703125,Run,-6
1,148975.78125,Run,-6
1,151283.28125,Run,-6
1,153650.234375,Run,-6
1,156075.953125,Run,-6
1,158560.40625,Run,-6
1,161103.515625,Run,-6
1,163705.265625,Run,-6
1,166365.640625,Run,-6
1,168879.15625,Run,-6
1,169715.765625,Jump,-6
1,168630.09375,Jump,-6
1,167604.0,Run,-6
1,166637.546875,Dash,-6
1,167228.5625,Run,-6
-2,167038.953125,Burst,-6
-2,165546.125,Run,-6
-2,164053.3125,Dash,-6
-2,162560.484375,Run,-6
-2,161067.65625,Run,-6
-2,159574.84375,Run,-6
-2,158082.015625,Run,-6
-2,156589.1875,Run,-6
-2,157311.78125,Run,-6
-2,158383.015625,Run,-6
-2,159454.25,Run,-6
-2,160525.5,Run,-6
-2,161597.375,Run,-7
-2,162549.5,Run,-7
-2,163831.3125,Run,-7
-2,164037.0625,Run,-7
-2,164242.8125,Run,-7
-2,164448.53125,Run,-7
-2,164654.28125,Run,-7
-1,164860.03125,Run,-7
-1,164782.609375,Run,-7
-1,164082.0625,Run,-7
-2,163496.75,Run,-7
-2,163528.609375,Run,-7
-2,163577.8125,Run,-7
-2,163634.0625,Run,-7
-2,163826.5625,Run,-7
-2,163600.40625,Run,-7
-2,163453.0,Run,-7
-2,163384.1875,Blast,-7
-2,163393.84375,Dash,-7
-2,164579.6875,Run,-8
-2,165844.78125,Run,-8
-2,167189.71875,Dash,-8
-2,168613.25,Dash,-8
-2,170116.03125,Dash,-8
0,170080.34375,Run,-7
0,170123.890625,Run,-7
0,170129.21875,Run,-7
0,169552.6875,Run,-7
0,168976.15625,Run,-7
0,168396.9375,Run,-7
0,167820.421875,Run,-7
1,167705.125,Run,-7
1,168746.296875,Jump,-7
1,169787.46875,Jump,-7
-2,170828.640625,Dash,-7
-2,170828.640625,Run,-7
-2,170828.640625,Run,-7
-2,170828.640625,Run,-7
-2,170828.640625,Run,-7
-2,170150.921875,Run,-7
-2,169473.203125,Dash,-7
-2,168795.484375,Run,-8
-2,166994.25,Run,-8
-2,166171.78125,Burst,-8
-2,165293.828125,Run,-8
-2,164363.109375,Dash,-8
-2,163379.859375,Jump,-8
-2,162343.546875,Run,-7
-2,161254.484375,Melee,-7
-2,160112.640625,Melee,-7
-2,158918.03125,Melee,-7
-2,157670.8125,Melee,-7
-2,156370.625,Melee,-7
-2,155017.65625,Melee,-7
1,155017.65625,Melee,-7
-2,155017.65625,Melee,-7
-2,155712.078125,Melee,-7
-2,156406.5,Melee,-7
-2,157100.921875,Melee,-7
-2,157795.34375,Melee,-7
-2,158489.765625,Melee,-7
-2,159184.1875,Run,-7
-2,159878.59375,Run,-7
-2,160573.015625,Run,-7
8,161267.4375,Run,-7
8,161961.859375,Run,-7
8,161961.859375,Run,-7
8,161961.859375,Run,-7
8,161961.859375,Run,-7
8,161961.859375,Run,-7
8,161267.4375,Burst,-7
8,160573.015625,Run,-7
8,159877.28125,Burst,-7
8,159184.375,Run,-7
0,159432.265625,Jump,-6
0,159679.84375,Jump,-6
0,159927.421875,Jump,-6
0,160175.015625,Jump,-6
0,160422.59375,Jump,-6
0,160670.1875,Jump,-6
0,160917.78125,Jump,-6
1,160756.015625,Jump,-6
1,159876.75,Jump,-6
1,159076.703125,Run,-6
1,158355.875,Run,-6
8,157714.296875,Run,-6
8,157151.953125,Jump,-6
8,156668.828125,Burst,-5
8,156264.953125,Run,-5
8,155940.3125,Burst,-5
8,155694.890625,Run,-6
8,154746.0625,Dash,-6
8,153678.921875,Run,-6
8,152231.078125,Run,-6
8,150797.9375,Melee,-6
8,149379.484375,Melee,-6
8,147975.34375,Melee,-6
8,147229.28125,Melee,-6
8,146923.34375,Melee,-6
8,146165.125,Melee,-6
8,145486.15625,Melee,-6
8,144886.40625,Melee,-6
8,144365.90625,Melee,-6
8,143924.3125,Melee,-6
8,143562.25,Burst,-6
8,143279.4375,Burst,-6
8,143075.859375,Melee,-6
8,142737.375,Melee,-6
8,142095.71875,Jump,-6
8,141454.171875,Burst,-6
8,140812.65625,Burst,-6
8,140171.125,Jump,-6
8,139529.59375,Run,-6
8,138888.015625,Run,-6
8,138246.484375,Run,-6
8,137604.953125,Melee,-6
8,136963.4375,Melee,-6
1,136963.4375,Melee,-6
-2,136963.4375,Melee,-6
-2,136321.90625,Melee,-6
-2,135680.375,Burst,-6
-2,135038.859375,Melee,-6
-2,134397.328125,Melee,-6
-2,133755.8125,Melee,-6
-2,133114.28125,Melee,-6
-2,132472.75,Melee,-6
5,131831.234375,Run,-6
5,131831.234375,Run,-6
5,131831.234375,Run,-6
5,131831.234375,Run,-6
5,131831.234375,Run,-6
5,129909.3828125,Run,-6
5,129241.640625,Run,-6
5,128654.96875,Run,-7
5,128643.265625,Run,-7
5,128631.5546875,Run,-7
5,128619.84375,Run,-7
1,128608.140625,Run,-7
1,128596.4296875,Dash,-7
1,129250.15625,Jump,-7
5,129918.453125,Burst,-7
5,130024.015625,Burst,-7
5,130024.015625,Burst,-7
5,130024.015625,Burst,-7
5,130024.015625,Burst,-7
5,130024.015625,Burst,-7
5,130024.015625,Burst,-7
5,130024.015625,Burst,-7
5,130024.015625,Burst,-7
5,130024.015625,Burst,-7
1,130024.015625,Burst,-7
-2,130024.015625,Run,-7
-2,129344.0,Run,-7
-1,128663.984375,Run,-7
-1,128663.984375,Blast,-7
-1,128663.984375,Dash,-7
-1,128663.984375,Dash,-7
1,128663.984375,Run,-7
1,128663.984375,Run,-7
1,129344.0,Jump,-7
8,130024.015625,Burst,-7
8,130704.0234375,Dash,-7
8,131384.03125,Dash,-7
0,130849.6171875,Burst,-6
0,130315.3828125,Burst,-6
0,129781.1484375,Burst,-6
0,129246.90625,Burst,-6
0,128712.671875,Burst,-6
0,128178.453125,Burst,-6
0,127644.2109375,Burst,-6
1,127489.9765625,Burst,-6
8,128186.0234375,Run,-6
8,128957.328125,Run,-6
8,129803.9140625,Burst,-6
8,130259.78125,Dash,-6
8,130930.078125,Jump,-5
8,131600.375,Dash,-5
8,132270.6875,Run,-6
8,133246.15625,Dash,-6
8,134317.296875,Run,-6
8,135401.09375,Dash,-6
8,136498.6875,Run,-6
8,137610.109375,Dash,-6
8,138734.578125,Melee,-6
8,139874.265625,Melee,-6
8,141027.109375,Melee,-6
8,141840.90625,Melee,-6
8,142649.671875,Melee,-6
8,143534.6875,Melee,-6
8,144499.640625,Melee,-6
8,145543.53125,Melee,-6
8,146666.640625,Melee,-6
8,147868.984375,Melee,-6
8,149149.890625,Melee,-6
8,150511.171875,Melee,-6
8,151951.1875,Melee,-6
8,153470.46875,Melee,-6
8,154881.75,Burst,-6
8,155608.390625,Jump,-6
8,155608.390625,Jump,-6
8,155608.390625,Jump,-6
8,154881.203125,Dash,-7
8,154881.203125,Dash,-7
8,154881.203125,Dash,-7
8,154881.203125,Dash,-8
8,154881.203125,Dash,-8
8,154881.203125,Dash,-8
8,154881.203125,Dash,-8
8,154881.203125,Dash,-8
8,154881.203125,Dash,-8
8,154881.203125,Dash,-8
8,154881.203125,Dash,-8
8,154881.203125,Dash,-8
8,154154.25,Dash,-8
8,153427.3125,Jump,-8
8,152700.359375,Jump,-8
8,151973.40625,Jump,-8
8,151246.046875,Run,-8
8,150519.09375,Run,-8
8,149792.15625,Run,-8
8,148394.84375,Run,-8
8,147017.59375,Run,-8
8,146340.71875,Run,-8
8,146367.140625,Dash,-9
8,146787.578125,Run,-9
8,147289.390625,Run,-9
8,147870.4375,Run,-9
8,148530.0625,Run,-9
8,149270.03125,Run,-9
8,150088.75,Run,-9
8,150986.734375,Run,-9
8,151195.4375,Run,-9
8,151195.4375,Melee,-9
-1,151195.4375,Melee,-9
8,151195.4375,Melee,-9
8,151195.4375,Melee,-9
8,151195.4375,Melee,-9
8,151195.4375,Melee,-9
8,151882.28125,Melee,-9
8,152568.84375,Melee,-9
8,153255.859375,Melee,-9
8,153942.6875,Melee,-9
8,154629.53125,Melee,-9
8,155316.375,Melee,-9
8,156003.21875,Melee,-9
8,156690.09375,Melee,-9
8,157376.9375,Melee,-9
8,157376.9375,Melee,-9
8,157376.9375,Melee,-9
8,156690.09375,Jump,-9
8,156003.25,Run,-10
8,155316.09375,Dash,-10
8,154629.21875,Melee,-10
8,153942.390625,Melee,-10
8,153255.546875,Melee,-10
8,152568.703125,Burst,-10
8,151881.453125,Melee,-10
8,151194.625,Melee,-10
8,150507.78125,Melee,-10
8,149820.9375,Melee,-10
8,149134.09375,Melee,-10
8,148446.859375,Dash,-10
8,147760.015625,Jump,-10
8,147073.1875,Jump,-10
8,146386.34375,Jump,-10
1,146386.34375,Run,-10
-2,146386.34375,Dash,-10
-2,145699.5,Run,-10
-2,145012.65625,Run,-10
-2,144325.8125,Dash,-10
-2,143638.984375,Melee,-10
-2,142952.140625,Melee,-10
-2,142265.296875,Melee,-10
-2,141578.46875,Melee,-10
-2,140891.625,Melee,-10
-2,140204.78125,Melee,-10
-2,139517.9375,Melee,-10
-2,138831.09375,Melee,-10
-2,138144.265625,Melee,-10
-2,137457.421875,Melee,-10
-2,136770.578125,Dash,-10
-2,136083.75,Run,-10
-2,135396.90625,Dash,-10
-2,134710.0625,Dash,-10
-2,134023.21875,Run,-10
-2,133336.375,Dash,-10
-2,132649.546875,Run,-10
-2,131962.703125,Run,-10
-2,131275.859375,Run,-10
-2,130589.0234375,Run,-10
-2,129902.1875,Run,-10
-2,129215.34375,Run,-10
-2,128528.5078125,Run,-10
-2,127841.671875,Run,-10
-1,127154.828125,Run,-10
-1,124563.1328125,Run,-10
-1,122053.5703125,Jump,-10
-1,119623.25,Jump,-10
-1,117272.171875,Run,-10
-1,115000.3515625,Jump,-10
-1,112807.78125,Run,-10
-1,110694.453125,Run,-10
-1,108660.375,Blast,-10
-1,106705.5546875,Jump,-10
-1,104829.9765625,Run,-10
-1,103655.890625,Run,-10
-1,102625.65625,Run,-10
-1,101674.65625,Run,-10
-1,100802.921875,Jump,-10
-1,100010.4375,Run,-10
-1,99297.1875,Run,-10
-1,98663.203125,Run,-10
-1,98108.453125,Run,-10
-1,97632.609375,Run,-10
-1,97236.375,Run,-10
-1,97204.671875,Blast,-10
-1,97252.21875,Run,-10
-1,97674.875,Run,-10
-1,98097.53125,Run,-10
2,98520.203125,Run,-10
2,97052.0078125,Jump,-10
2,95663.078125,Blast,-10
2,94353.3828125,Run,-10
2,93122.9375,Jump,-10
2,91971.75,Run,-10
2,90899.8046875,Run,-10
2,89907.109375,Dash,-10
2,88993.6640625,Jump,-10
2,88159.46875,Run,-10
-1,87404.5234375,Run,-10
-1,86606.734375,Run,-10
-1,85888.1953125,Run,-10
-1,85248.90625,Run,-10
-1,84688.8671875,Run,-10
-1,84208.0703125,Run,-10
-1,83806.53125,Run,-10
-1,84012.296875,Run,-10
-1,82544.109375,Run,-10
-1,81155.171875,Jump,-10
-1,79845.4765625,Run,-10
-1,78615.0390625,Run,-10
-1,77463.84375,Run,-10
-1,76391.90625,Jump,-10
1,75399.2109375,Run,-10
1,75698.28125,Dash,-10
-1,76076.59375,Run,-10
-1,75413.53125,Jump,-10
-1,74829.71875,Jump,-10
1,74325.15625,Run,-10
-1,73899.8359375,Jump,-10
-1,73553.765625,Run,-10
-1,73506.484375,Run,-10
-1,72038.296875,Jump,-10
-1,70649.359375,Run,-10
-1,69339.6640625,Run,-10
-1,68109.21875,Jump,-10
-1,66958.03125,Run,-10
1,65886.0859375,Run,-10
1,66177.234375,Dash,-10
1,66547.625,Run,-10
1,66997.2734375,Run,-10
1,67526.1640625,Jump,-10
-1,67013.671875,Run,-10
-1,64424.859375,Run,-10
-1,61915.28515625,Jump,-10
-1,59484.96875,Run,-10
-1,57133.890625,Jump,-10
-1,54862.0703125,Jump,-10
-1,53139.4375,Run,-10
-1,51712.94921875,Run,-10
-1,50365.7109375,Dash,-10
-1,49097.7265625,Run,-10
-1,48978.8515625,Run,-10
-1,48939.2265625,Run,-10
-1,49361.890625,Run,-10
-1,49784.5546875,Dash,-10
-1,48316.3671875,Run,-10
-1,46927.42578125,Jump,-10
-1,45617.734375,Run,-10
-1,44387.29296875,Run,-10
-1,43236.1015625,Run,-10
-1,42164.15625,Run,-10
1,42148.7109375,Jump,-10
1,42661.9921875,Run,-10
1,43254.28515625,Run,-10
1,43925.828125,Run,-10
1,43555.984375,Jump,-10
1,43265.390625,Jump,-10
1,43054.05078125,Run,-10
-1,43608.796875,Jump,-10
-1,41706.8125,Run,-10
1,42076.3125,Run,-10
1,42842.5625,Jump,-10
1,43687.8984375,Run,-10
1,44612.484375,Run,-10
1,45616.3203125,Run,-10
1,46699.40625,Run,-10
1,47861.73828125,Run,-10
1,49103.3203125,Run,-10
1,50424.15625,Run,-10
1,51824.234375,Run,-10
1,53303.5703125,Jump,-10
1,54862.1484375,Jump,-10
1,56499.98046875,Jump,-10
1,58217.0625,Run,-10
1,60013.390625,Run,-10
1,61888.96875,Dash,-10
1,63843.796875,Run,-10
1,65877.875,Run,-10
1,67991.203125,Jump,-10
1,70183.7734375,Run,-10
1,72455.59375,Jump,-10
1,74806.671875,Run,-10
1,77237.0,Jump,-10
1,79746.5625,Jump,-10
1,82335.390625,Run,-10
1,85003.453125,Run,-10
1,87750.78125,Run,-10
1,90577.34375,Run,-10
1,93483.1640625,Dash,-10
1,96468.234375,Run,-10
1,99532.546875,Dash,-10
1,102676.1171875,Run,-10
1,105898.9296875,Run,-10
1,109201.0,Run,-10
1,111034.53125,Run,-10
1,111721.375,Run,-10
1,112408.2109375,Run,-10
1,113095.046875,Run,-10
1,113781.890625,Run,-10
1,114468.734375,Run,-10
1,115155.5703125,Run,-10
-1,115842.40625,Run,-10
-1,114625.9375,Run,-10
-1,113490.046875,Run,-10
-1,112433.40625,Run,-10
-1,111456.0078125,Run,-10
-1,110557.859375,Run,-10
-1,109738.96875,Dash,-10
-1,108999.328125,Run,-10
-1,108338.921875,Run,-10
-1,107757.765625,Run,-10
-1,107255.8671875,Run,-10
-1,106833.21875,Jump,-10
-1,106489.8125,Jump,-10
-1,106225.65625,Run,-10
-1,106040.75,Run,-10
-1,105935.09375,Jump,-10
-1,105908.6875,Jump,-10
-1,105961.53125,Jump,-10
-1,106093.625,Run,-10
-1,106304.96875,Run,-10
-1,106595.5625,Jump,-10
-1,106965.3984375,Run,-10
-1,107414.484375,Jump,-10
-1,107942.828125,Run,-10
-1,108550.4140625,Run,-10
1,109237.25,Run,-10
1,110003.3359375,Run,-10
1,110848.671875,Dash,-10
1,111773.25,Jump,-10
1,112777.0859375,Run,-10
1,113860.171875,Jump,-10
1,115022.5,Jump,-10
1,116264.078125,Run,-10
1,117584.90625,Run,-10
1,118984.984375,Jump,-10
1,120464.3125,Run,-10
1,122022.890625,Run,-10
1,123660.71875,Dash,-10
1,125377.8046875,Run,-10
1,127174.125,Run,-10
1,129049.703125,Jump,-10
1,131004.53125,Run,-10
1,133038.59375,Run,-10
-3,135151.921875,Run,-10
-3,136959.390625,Run,-10
-3,138766.875,Run,-10
-3,140574.34375,Run,-10
-3,142381.8125,Run,-10
-3,144189.28125,Run,-10
-3,145996.75,Run,-10
-3,147804.21875,Dash,-10
-3,149611.703125,Run,-10
-3,151419.171875,Dash,-10
-3,153226.65625,Dash,-10
-3,155034.125,Run,-10
-3,156841.59375,Run,-10
-1,158649.0625,Run,-10
-1,159415.15625,Jump,-10
-1,160260.484375,Dash,-10
-1,161185.0625,Run,-10
-1,162188.90625,Jump,-10
-1,163271.984375,Run,-10
-1,164434.3125,Run,-10
-1,165675.890625,Run,-10
-1,166996.734375,Jump,-10
-1,168396.8125,Run,-10
-1,169876.140625,Run,-10
1,171434.71875,Jump,-10
1,173072.546875,Run,-10
1,174789.625,Run,-10
1,176585.953125,Jump,-10
1,178461.53125,Run,-10
-2,179862.5625,Jump,-10
-2,180549.40625,Dash,-10
-2,181236.25,Run,-10
-2,181923.09375,Run,-10
-2,182609.9375,Run,-10
-2,183296.78125,Run,-10
-2,183983.625,Dash,-10
-2,184670.46875,Run,-10
-1,185357.296875,Run,-10
-1,184141.59375,Run,-10
-1,183005.703125,Run,-10
-1,181949.0625,Run,-10
-1,180971.65625,Run,-10
-1,180073.515625,Run,-10
-1,179254.625,Jump,-10
-1,178514.984375,Run,-10
-1,177854.59375,Run,-10
-1,177273.453125,Run,-10
-1,176771.5625,Run,-10
-1,176348.90625,Run,-10
-1,176005.515625,Jump,-10
-1,175741.375,Run,-10
-1,175556.46875,Jump,-10
-1,175450.8125,Dash,-10
-1,175424.421875,Run,-10
-1,175477.265625,Jump,-10
-1,175609.375,Run,-10
-1,175820.71875,Run,-10
-1,176111.3125,Run,-10
-1,176481.15625,Run,-10
-1,176930.25,Run,-10
-1,177458.59375,Jump,-10
-1,178066.1875,Run,-10
-1,178753.03125,Run,-10
-1,179519.125,Jump,-10
-1,180364.46875,Run,-10
-1,181289.046875,Jump,-10
-1,182292.890625,Run,-10
-1,183375.984375,Jump,-10
-1,184538.3125,Run,-10
-1,185779.90625,Run,-10
-1,187100.75,Dash,-10
-1,188500.84375,Run,-10
-1,189980.171875,Run,-10
-1,191538.75,Jump,-10
-1,193176.59375,Run,-10
1,216197.25,Jump,-10
1,218046.578125,Run,-10
1,219895.90625,Dash,-10
1,221745.25,Run,-10
1,221835.03125,Run,-10
-1,221853.6875,Jump,-10
-1,220070.359375,Run,-10
1,218287.03125,Run,-10
-2,216503.703125,Run,-10
-2,213029.375,Run,-10
-2,209607.8125,Run,-10
-2,206239.03125,Run,-10
-2,202923.03125,Run,-10
-2,199659.8125,Run,-10
-2,196449.34375,Run,-10
-2,193291.6875,Run,-10
-2,191759.015625,Run,-10
-2,190226.34375,Run,-10
-2,188116.28125,Run,-10
-2,186026.28125,Run,-10
-2,183956.34375,Run,-10
-2,182077.3125,Run,-10
-1,180038.71875,Run,-10
-1,178029.0,Jump,-10
-1,176118.5625,Jump,-10
-1,174814.5625,Run,-10
-1,173589.78125,Jump,-10
-1,172444.234375,Run,-10
-1,171377.9375,Blast,-10
0,170871.0625,Run,-9
0,170364.21875,Run,-9
0,169857.34375,Run,-9
0,169350.484375,Blast,-9
0,168843.625,Run,-9
0,168336.765625,Run,-9
0,167829.90625,Run,-9
1,167038.5625,Run,-9
1,167717.796875,Run,-9
2,168476.28125,Run,-9
2,168037.15625,Jump,-9
2,167677.25,Jump,-9
2,167396.59375,Run,-9
2,167195.15625,Jump,-9
2,167072.96875,Blast,-9
2,167030.0,Blast,-9
2,167066.28125,Run,-9
2,167181.78125,Run,-9
1,167376.53125,Run,-9
1,168720.15625,Run,-9
1,170143.015625,Run,-9
1,171026.28125,Run,-9
1,171969.890625,Run,-9
1,172973.921875,Run,-9
1,174038.46875,Run,-9
1,175163.5625,Blast,-9
1,176349.34375,Blast,-9
1,178268.375,Run,-9
1,180266.625,Run,-9
1,182344.125,Run,-9
1,184500.84375,Run,-9
1,186736.8125,Run,-9
1,189052.0,Run,-9
1,191446.421875,Run,-9
1,193920.078125,Run,-9
1,196472.96875,Run,-9
1,199105.09375,Run,-9
1,201816.46875,Jump,-9
1,204607.0625,Run,-9
0,203230.59375,Run,-8
0,201854.125,Run,-8
0,200477.65625,Run,-8
0,199101.1875,Run,-8
0,197724.71875,Run,-8
0,196348.25,Run,-8
0,194971.78125,Run,-8
0,193595.3125,Dash,-8
0,191469.21875,Run,-8
0,188088.671875,Run,-8
0,184730.40625,Run,-8
0,181394.4375,Run,-8
0,178080.78125,Run,-8
0,174789.375,Run,-8
0,171520.28125,Run,-8
0,168273.46875,Run,-8
0,165048.9375,Run,-8
0,161846.703125,Run,-8
0,158666.75,Run,-8
1,155882.0625,Run,-8
1,154349.609375,Run,-8
1,154802.0625,Run,-8
1,155333.78125,Run,-8
1,155334.875,Jump,-8
1,155417.796875,Run,-8
1,156171.4375,Run,-8
1,157004.3125,Jump,-8
-2,157341.40625,Jump,-8
-2,157338.578125,Run,-8
-2,157335.75,Dash,-8
-2,157332.9375,Run,-8
-2,156803.671875,Run,-8
-2,156282.828125,Run,-8
-2,155770.34375,Run,-8
-2,155266.375,Run,-8
-2,154771.03125,Run,-8
-2,155380.46875,Dash,-8
-2,156066.15625,Run,-8
-2,156828.515625,Dash,-8
-2,156290.03125,Run,-8
-2,157209.28125,Dash,-8
-2,156816.4375,Run,-8
-2,157892.0,Dash,-8
-2,157636.1875,Dash,-8
0,156128.953125,Jump,-7
0,154661.953125,Jump,-7
0,151852.21875,Jump,-7
0,149118.5,Jump,-7
0,146461.734375,Jump,-7
0,143880.875,Jump,-7
0,141375.03125,Jump,-7
-1,139180.0,Melee,-7
-1,136240.265625,Melee,-7
-1,134647.140625,Burst,-7
1,134114.4375,Blast,-7
1,134640.625,Run,-7
1,135283.9375,Jump,-7
1,136043.5625,Run,-7
1,136919.09375,Run,-7
1,137910.46875,Run,-7
8,139018.0,Jump,-7
8,140242.421875,Jump,-7
8,141584.765625,Jump,-8
8,142950.84375,Jump,-8
8,144387.65625,Jump,-8
8,145896.046875,Jump,-8
8,147476.875,Jump,-8
8,149131.0,Jump,-8
8,149912.609375,Dash,-8
8,150767.203125,Run,-8
8,151616.828125,Jump,-8
8,152675.890625,Dash,-8
8,153864.234375,Run,-8
8,157226.625,Dash,-8
8,157327.0625,Melee,-8
8,157292.96875,Melee,-8
8,157329.21875,Melee,-8
8,157435.8125,Melee,-8
8,157612.75,Melee,-8
8,157860.0625,Melee,-8
8,158177.71875,Melee,-8
8,158565.71875,Melee,-8
8,159024.0625,Melee,-8
8,159552.75,Melee,-8
8,160151.8125,Melee,-8
8,160821.21875,Melee,-8
8,161631.515625,Melee,-8
8,162587.46875,Melee,-8
8,163694.25,Melee,-8
8,164957.34375,Melee,-8
8,166382.640625,Melee,-8
-1,167976.421875,Melee,-8
1,168680.1875,Run,-8
1,170292.59375,Dash,-8
1,171984.75,Run,-8
1,173740.125,Jump,-8
0,173904.53125,Jump,-7
0,174147.59375,Jump,-7
0,174469.109375,Jump,-7
0,174869.0,Jump,-7
0,175347.171875,Jump,-7
0,175903.53125,Jump,-7
0,175698.3125,Jump,-7
8,175527.34375,Jump,-7
8,176548.609375,Run,-7
8,177649.140625,Run,-7
8,178754.59375,Jump,-7
8,179732.625,Run,-7
8,180711.359375,Jump,-7
8,181689.796875,Dash,-6
8,182668.234375,Jump,-6
8,183646.671875,Jump,-7
8,185000.75,Run,-7
8,186366.515625,Dash,-7
8,187746.9375,Run,-7
8,189142.140625,Jump,-7
8,190552.140625,Burst,-7
8,191976.90625,Run,-7
8,193416.78125,Melee,-7
8,194871.125,Melee,-7
8,195784.5,Melee,-7
8,196639.65625,Melee,-7
8,197574.0625,Melee,-7
8,198588.1875,Melee,-7
8,199681.03125,Melee,-7
8,200853.140625,Melee,-7
8,202104.46875,Melee,-7
8,203435.046875,Melee,-7
8,204845.46875,Melee,-7
8,206334.46875,Run,-7
8,207902.75,Run,-7
8,209550.25,Run,-7
8,210624.25,Run,-7
8,211663.625,Run,-7
8,212702.71875,Run,-7
1,212702.71875,Run,-7
8,212702.71875,Melee,-7
8,213741.8125,Melee,-7
8,214780.90625,Melee,-7
8,215820.0,Melee,-7
8,216859.65625,Melee,-7
8,217898.75,Melee,-7
8,218937.84375,Melee,-7
8,219976.921875,Melee,-7
8,221016.015625,Melee,-7
8,222055.546875,Melee,-7
8,223094.71875,Melee,-7
8,223094.71875,Melee,-7
8,223094.71875,Melee,-7
8,223094.71875,Melee,-7
8,223094.71875,Melee,-7
8,223094.71875,Melee,-7
8,223094.71875,Melee,-7
8,223094.71875,Melee,-7
8,223094.71875,Melee,-7
8,223094.71875,Melee,-7
8,223094.71875,Melee,-7
8,223094.71875,Melee,-7
8,223094.71875,Melee,-7
8,222055.625,Run,-7
8,221016.109375,Run,-8
8,218855.65625,Run,-8
8,216718.34375,Dash,-8
8,214595.84375,Jump,-8
8,212488.09375,Jump,-8
8,210394.953125,Dash,-8
8,208317.34375,Melee,-8
1,207241.21875,Melee,-8
8,206815.4375,Burst,-8
8,205645.640625,Melee,-8
8,204555.0625,Burst,-9
8,203543.71875,Burst,-9
8,202611.625,Burst,-9
8,201758.53125,Burst,-9
8,200984.90625,Melee,-9
8,200290.5,Melee,-9
8,199675.328125,Melee,-9
8,199139.390625,Melee,-9
8,198682.71875,Melee,-9
8,198079.46875,Run,-9
8,197093.65625,Jump,-9
8,196107.8125,Jump,-9
8,195122.0,Dash,-9
8,194136.015625,Dash,-9
8,193150.1875,Dash,-9
8,192164.359375,Dash,-9
8,191178.53125,Burst,-9
8,190192.703125,Melee,-9
8,189206.65625,Melee,-9
8,188220.8125,Melee,-9
8,187235.0,Melee,-9
8,186249.15625,Melee,-9
8,185263.34375,Melee,-9
8,184277.234375,Melee,-9
8,183291.40625,Melee,-9
8,182305.5625,Melee,-9
8,182305.5625,Melee,-9
8,183291.40625,Burst,-9
8,184277.234375,Dash,-9
1,184277.234375,Dash,-9
5,184277.234375,Run,-9
5,182033.78125,Burst,-10
5,179790.328125,Melee,-10
5,177546.875,Melee,-10
5,175303.4375,Melee,-10
5,173059.984375,Melee,-10
5,170816.53125,Melee,-10
5,168573.09375,Melee,-10
5,166329.640625,Burst,-10
5,164086.1875,Melee,-10
5,161842.75,Melee,-10
-1,159599.3125,Melee,-10
-1,157355.859375,Run,-10
5,157355.859375,Run,-10
5,155434.28125,Run,-10
5,156099.125,Run,-10
5,156841.28125,Run,-10
0,157488.203125,Run,-9
0,158292.75,Run,-9
0,159252.71875,Run,-10
0,158346.921875,Run,-10
0,157517.78125,Run,-10
0,156645.75,Run,-10
0,155676.546875,Run,-10
0,154707.34375,Run,-10
0,153738.125,Run,-10
0,152768.921875,Run,-10
0,152298.015625,Run,-10
0,152851.65625,Run,-10
0,153477.125,Run,-10
0,154174.15625,Run,-9
0,154942.6875,Run,-9
0,155782.84375,Run,-9
0,156695.0,Run,-10
0,157679.8125,Run,-10
0,158738.25,Melee,-10
0,159871.6875,Melee,-10
0,160317.84375,Melee,-10
0,160843.25,Burst,-10
0,161447.90625,Melee,-10
0,162131.8125,Melee,-10
0,162894.96875,Melee,-10
0,163737.359375,Melee,-10
0,164234.1875,Melee,-10
0,164234.1875,Melee,-10
0,164234.1875,Melee,-10
0,164234.1875,Melee,-10
0,164234.1875,Melee,-10
0,164234.1875,Melee,-10
0,164234.1875,Melee,-10
0,164234.1875,Melee,-10
0,164234.1875,Burst,-10
0,164234.1875,Burst,-10
0,164234.1875,Burst,-10
0,164234.1875,Burst,-10
0,164234.1875,Burst,-10
0,164234.1875,Melee,-10
0,164234.1875,Melee,-10
0,164234.1875,Melee,-10
0,164234.1875,Melee,-10
0,164234.1875,Melee,-10
0,164234.1875,Melee,-10
0,164234.1875,Melee,-10
0,164234.1875,Melee,-10
0,164234.1875,Melee,-10
0,164234.1875,Melee,-10
0,164234.1875,Melee,-10
0,164234.1875,Melee,-10
0,164234.1875,Melee,-10
0,164234.1875,Melee,-10
0,164234.1875,Melee,-10
0,164234.1875,Melee,-10
0,164234.1875,Melee,-10
0,164234.1875,Melee,-10
0,164234.1875,Melee,-10
0,164234.1875,Burst,-10
0,164234.1875,Burst,-10
0,164234.1875,Melee,-10
