playerAggression,distance,pastNemStates,pastNemStatesENC,nemInput,curReward
1,214369.0,Idle,0
-1,214369.0,Idle,0
-1,214369.0,Run,0
-1,214369.0,Run,0
-1,214369.0,Run,0
-1,213751.5,Run,0
-1,213134.0,Run,0
-1,212516.484375,Run,0
-1,211898.984375,Run,0
-1,211281.46875,Run,0
-1,208740.25,Run,0
-1,207940.578125,Run,0
-1,207220.1875,Run,0
-1,206579.0625,Run,0
1,206017.171875,Run,0
1,205534.546875,Run,0
1,206860.09375,Run,0
1,208244.78125,Run,0
1,209688.65625,Run,0
1,211191.6875,Run,0
1,212732.96875,Run,0
1,213898.03125,Run,0
1,214889.125,Dash,0
1,215860.15625,Jump,0
1,215656.40625,Run,0
1,215399.875,Run,0
1,215090.546875,Jump,0
1,214728.453125,Run,0
1,214313.578125,Jump,0
1,213845.921875,Run,0
-2,213325.5,Jump,0
-2,211304.65625,Run,0
-2,209283.8125,Run,0
-2,207262.96875,Run,0
-2,205242.140625,Run,0
-2,203218.609375,Run,0
-2,203218.609375,Run,0
-2,203218.609375,Run,0
-2,203782.71875,Jump,0
-2,204326.78125,Run,0
-2,205648.796875,Jump,0
-2,205648.796875,Run,0
-2,205648.796875,Dash,0
-2,205648.796875,Run,-1
-2,205972.375,Run,-1
-2,206295.90625,Run,-1
-2,206619.4375,Run,-1
-2,206942.96875,Run,-1
-2,207266.5,Run,-1
-1,207590.03125,Run,-1
-1,207913.5625,Run,-1
-1,207766.6875,Run,-1
-2,206784.390625,Run,-1
-2,205881.5625,Run,-1
-2,205058.125,Run,-1
-2,204314.03125,Run,-1
-2,203649.15625,Run,-1
-2,203063.46875,Run,-1
-2,202556.796875,Run,-1
-2,202129.109375,Run,-1
-2,201780.34375,Run,-1
-2,201510.5,Run,-1
-2,201116.40625,Run,-1
-2,200318.421875,Run,-2
-2,199520.421875,Run,-2
-2,198722.421875,Run,-2
-2,197924.421875,Run,-2
-2,197126.4375,Run,-2
-2,196328.4375,Run,-2
-2,195530.4375,Run,-2
-2,194732.4375,Run,-2
-2,193934.4375,Run,-2
-1,193136.4375,Run,-2
-1,192338.4375,Run,-2
-2,191540.4375,Run,-2
-2,190742.4375,Run,-2
-2,189944.4375,Run,-2
-2,189146.453125,Run,-2
-2,188348.453125,Run,-2
-2,187550.453125,Run,-3
-2,186752.46875,Run,-3
-2,185954.46875,Run,-3
-2,185156.46875,Run,-3
-2,185412.9375,Run,-3
-2,185649.453125,Run,-3
-2,185865.78125,Run,-3
-2,186062.09375,Burst,-3
-2,186238.328125,Run,-3
-2,187252.6875,Jump,-3
0,186240.0625,Burst,-2
0,185228.609375,Burst,-2
0,184217.15625,Burst,-2
0,183205.703125,Burst,-2
0,182194.25,Burst,-2
0,181182.78125,Burst,-2
0,180171.34375,Burst,-2
1,179757.8125,Burst,-2
1,180587.375,Run,-2
1,181496.15625,Run,-2
1,182484.171875,Jump,-2
1,183551.421875,Run,-2
1,184697.90625,Run,-2
1,185923.625,Run,-2
1,187228.5625,Jump,-1
1,188612.734375,Run,-1
1,190076.140625,Run,-1
1,191618.78125,Melee,-1
1,193025.875,Melee,-1
1,194040.234375,Melee,-1
1,195054.59375,Melee,-1
1,196068.9375,Melee,-1
1,197083.28125,Melee,-1
1,198097.640625,Melee,-1
3,199112.0,Melee,-1
3,201781.34375,Melee,-1
-3,204450.71875,Burst,-1
-3,207120.0625,Burst,-1
-3,209789.4375,Run,-1
-3,212458.78125,Burst,-1
-3,213225.53125,Burst,0
-3,215894.890625,Burst,0
-3,218564.25,Burst,0
-3,221233.609375,Burst,0
-3,223902.96875,Burst,0
-3,226572.328125,Burst,0
-3,229241.6875,Burst,0
1,229241.6875,Burst,0
-2,229241.6875,Run,0
-2,230256.046875,Run,0
-2,231270.390625,Run,0
-2,232284.75,Run,0
-1,233299.09375,Run,0
1,233299.09375,Run,0
1,233299.09375,Run,0
1,232284.75,Dash,0
1,231270.390625,Jump,0
1,230256.046875,Run,0
1,229241.6875,Run,0
1,228227.34375,Run,0
1,227212.984375,Run,0
1,226198.625,Run,0
1,225184.28125,Dash,0
-2,224169.9375,Jump,0
-2,224169.9375,Jump,0
-2,224169.9375,Jump,0
-2,224169.9375,Jump,-1
-2,222803.171875,Jump,-1
-2,221436.40625,Jump,-1
-2,220069.65625,Jump,-1
-2,218702.90625,Jump,-1
-2,216357.15625,Jump,-1
-2,214022.1875,Run,-1
-2,211698.125,Run,-1
-2,210024.3125,Run,-1
-2,209634.125,Run,-1
-2,209239.953125,Run,-1
-2,208823.453125,Run,-1
-2,208363.75,Run,-1
-2,207849.90625,Run,-1
0,208943.125,Run,0
0,209962.609375,Run,0
0,210910.40625,Run,0
0,212013.65625,Run,0
0,213245.015625,Run,0
0,214602.59375,Run,0
0,216086.03125,Run,0
0,217696.40625,Run,0
-2,218903.328125,Run,0
-2,220106.203125,Run,-1
-2,221444.578125,Run,-1
-2,222848.0625,Run,0
-2,224293.0625,Run,0
-2,225772.25,Run,0
-2,227270.84375,Run,0
-2,228286.28125,Run,0
-2,227081.59375,Run,0
-2,228286.34375,Run,0
-2,227081.671875,Run,0
-2,228286.421875,Run,0
-2,227081.734375,Run,0
-2,228286.5,Run,0
-2,227081.8125,Run,0
-2,228286.5625,Run,0
-2,227081.875,Run,0
-2,227222.78125,Run,0
-2,224974.0625,Run,0
-2,225094.671875,Run,0
1,223920.0,Run,0
1,222745.328125,Run,0
-1,220536.65625,Run,0
-1,219372.09375,Run,0
8,220536.734375,Run,0
8,219372.09375,Run,0
8,218207.53125,Run,0
8,219372.171875,Run,0
8,218207.59375,Run,0
8,219372.25,Run,0
8,218207.6875,Run,0
8,219372.328125,Run,0
8,218207.75,Run,0
8,219372.40625,Run,0
8,218207.84375,Run,0
8,219372.484375,Run,0
8,218207.921875,Run,0
8,219372.5625,Run,0
8,218208.0,Run,0
8,219372.640625,Run,0
8,218208.078125,Run,0
8,219372.71875,Run,0
8,217193.875,Run,0
8,217324.515625,Run,-1
8,215199.9375,Run,-1
8,213090.53125,Run,-1
8,210995.875,Run,-1
8,208915.59375,Run,-1
8,206850.484375,Burst,-1
8,204800.1875,Burst,-1
8,203736.90625,Burst,-1
8,202673.640625,Melee,-1
8,201610.375,Melee,-1
8,201497.1875,Melee,-1
8,201369.234375,Melee,-1
8,201226.5,Melee,-1
1,200141.0625,Melee,-1
-2,199055.625,Run,-1
-1,198883.34375,Run,-1
1,197790.515625,Run,-1
1,196697.6875,Run,-1
1,194713.875,Run,-1
1,193395.90625,Run,-1
1,193290.0,Jump,-1
1,193184.53125,Run,-1
8,191178.640625,Run,-1
0,192158.15625,Run,0
0,193119.78125,Run,0
0,194021.765625,Run,0
0,195053.5,Run,0
0,196206.84375,Run,0
0,197479.671875,Run,0
0,198871.21875,Run,0
1,199878.640625,Run,0
1,199924.640625,Run,0
8,200077.578125,Run,1
8,200280.9375,Run,1
8,200363.359375,Run,0
8,198187.25,Run,0
8,196025.0,Run,0
8,193877.34375,Run,0
8,191743.40625,Run,0
8,189623.53125,Run,0
8,187517.6875,Run,0
8,185425.90625,Run,0
8,183348.140625,Run,0
8,181840.484375,Melee,0
8,180453.8125,Melee,0
8,179246.0625,Melee,0
8,178117.546875,Melee,0
8,177067.96875,Melee,0
8,176097.9375,Melee,0
8,175207.09375,Melee,0
8,174395.515625,Melee,0
8,173663.15625,Melee,0
8,173009.65625,Melee,0
8,172435.75,Melee,0
8,171941.09375,Melee,0
8,171525.671875,Melee,0
8,171189.484375,Melee,0
8,170932.359375,Melee,0
8,171660.4375,Melee,0
8,173373.5,Melee,-1
8,175166.1875,Melee,-1
8,177037.734375,Melee,-1
8,178988.515625,Melee,-1
1,180112.75,Melee,-1
1,181015.34375,Run,-1
1,181921.125,Run,-1
-2,182826.90625,Run,-1
-2,183732.6875,Run,-1
-2,184638.46875,Jump,-1
-2,185544.265625,Run,-1
-2,186450.046875,Run,-1
-2,187355.828125,Run,-1
-2,188258.90625,Burst,-1
-2,189164.6875,Burst,-1
8,190070.46875,Burst,-1
8,190976.265625,Melee,-1
8,191884.75,Melee,-1
8,192790.78125,Melee,-1
8,193696.5625,Melee,-1
8,192790.78125,Melee,-2
8,191604.546875,Burst,-2
8,190514.671875,Burst,-2
8,189504.0625,Burst,-2
8,188572.6875,Burst,-2
8,187720.5625,Melee,-2
8,186947.65625,Melee,-2
8,186253.71875,Melee,-2
8,185548.25,Burst,-2
8,184642.46875,Burst,-2
8,185548.25,Burst,-2
8,186454.03125,Run,-2
8,187359.8125,Melee,-2
8,188265.8125,Melee,-2
8,189171.59375,Melee,-2
8,190077.375,Melee,-2
8,190983.15625,Melee,-2
8,191888.9375,Melee,-2
8,192794.96875,Melee,-2
8,191889.1875,Melee,-3
8,190983.359375,Melee,-3
8,190077.5625,Melee,-3
8,189171.78125,Melee,-3
8,188266.0,Melee,-3
8,187360.21875,Melee,-3
8,187360.21875,Melee,-3
1,187360.21875,Melee,-3
-2,187360.21875,Melee,-3
-2,188263.28125,Melee,-3
-2,189169.0625,Melee,-3
-2,190074.859375,Melee,-3
-2,190980.640625,Melee,-3
-1,191886.421875,Melee,-3
1,191886.421875,Melee,-3
1,191886.421875,Melee,-3
1,190980.640625,Melee,-3
-1,190074.859375,Melee,-3
-1,190074.859375,Melee,-3
-1,190074.859375,Melee,-3
1,190074.859375,Melee,-3
-2,190074.859375,Melee,-3
-2,190980.640625,Melee,-3
-2,191886.421875,Melee,-3
-2,192792.21875,Melee,-3
-2,193698.0,Melee,-3
-2,194603.78125,Melee,-3
8,195509.5625,Burst,-3
8,196415.34375,Burst,-3
8,195512.25,Dash,-3
8,194606.46875,Dash,-3
8,193700.6875,Run,-3
8,192794.90625,Run,-4
8,191889.125,Run,-4
8,192795.15625,Burst,-4
8,193700.9375,Melee,-4
8,194606.734375,Melee,-4
8,195512.515625,Melee,-4
8,196418.296875,Melee,-4
8,197324.3125,Melee,-4
8,198230.09375,Melee,-4
8,199135.875,Melee,-4
8,200041.671875,Melee,-4
8,200947.453125,Melee,-4
8,201853.40625,Melee,-4
8,202759.1875,Melee,-4
8,203664.96875,Melee,-4
8,204570.75,Melee,-4
8,205476.53125,Melee,-4
8,206382.3125,Melee,-4
8,207288.109375,Melee,-4
8,208193.90625,Melee,-4
8,209099.6875,Melee,-4
8,210005.46875,Melee,-4
8,210910.84375,Melee,-4
8,211817.0,Run,-4
8,212722.78125,Run,-4
8,213628.5625,Run,-4
1,213628.5625,Dash,-4
-2,213628.5625,Run,-4
-2,214534.359375,Run,-4
-2,215440.140625,Run,-4
-2,216345.921875,Run,-4
-2,217251.703125,Run,-4
-2,218157.5,Dash,-4
-2,219063.28125,Run,-4
-2,219969.0625,Run,-4
-2,220874.84375,Dash,-4
-2,221780.625,Run,-4
-2,222686.40625,Run,-4
-2,223592.1875,Run,-4
-2,224497.96875,Run,-4
-2,225403.75,Run,-4
-2,226309.546875,Run,-4
-2,227215.328125,Run,-4
-2,228121.109375,Run,-4
-3,229026.90625,Run,-4
-3,231410.546875,Run,-4
-3,233794.1875,Run,-4
-3,236177.84375,Run,-4
-3,238561.5,Run,-4
-3,240945.15625,Run,-4
-3,243328.8125,Run,-4
-3,245712.46875,Run,-4
-3,248096.125,Run,-4
-3,250479.75,Run,-4
-3,252863.40625,Run,-4
-3,255247.03125,Run,-4
-3,257630.6875,Run,-4
1,257630.6875,Run,-4
-2,257630.6875,Run,-4
-2,258536.46875,Run,-4
-2,259442.28125,Run,-4
-2,260348.0625,Run,-4
-2,261253.84375,Run,-4
-2,262159.65625,Run,-4
-2,263065.4375,Dash,-4
-2,263971.21875,Dash,-4
-2,264877.03125,Run,-4
-2,265782.8125,Run,-4
-2,266688.59375,Run,-4
-2,267594.40625,Run,-4
-2,268500.1875,Dash,-4
-2,269405.96875,Run,-4
-2,270311.78125,Run,-4
-1,271217.5625,Run,-4
-1,271217.5625,Run,-4
-1,271217.5625,Run,-4
-1,271217.5625,Run,-4
-1,271217.5625,Dash,-4
-1,271217.5625,Run,-4
-1,271217.5625,Run,-4
-1,271217.5625,Run,-4
-1,271217.5625,Run,-4
-1,271217.5625,Run,-4
-1,271217.5625,Run,-4
-1,271217.5625,Dash,-4
-1,271217.5625,Run,-4
-1,271217.5625,Run,-4
-1,271217.5625,Run,-4
-1,271217.5625,Run,-4
-1,271217.5625,Run,-4
-1,271217.5625,Dash,-4
-1,271217.5625,Run,-4
-1,271217.5625,Dash,-4
-1,271217.5625,Dash,-4
-1,271217.5625,Run,-4
-1,271217.5625,Run,-4
-1,271217.5625,Run,-4
-1,271217.5625,Dash,-4
-1,271217.5625,Run,-4
-1,271217.5625,Run,-4
-1,271217.5625,Run,-4
-1,271217.5625,Run,-4
-1,271217.5625,Run,-4
-1,271217.5625,Dash,-4
-1,271217.5625,Dash,-4
-1,271217.5625,Run,-4
-1,271217.5625,Run,-4
-1,271217.5625,Run,-4
-1,271217.5625,Run,-4
-1,271217.5625,Run,-4
-1,271217.5625,Run,-4
-1,271217.5625,Run,-4
-1,271217.5625,Run,-4
-1,271217.5625,Dash,-4
-1,271217.5625,Run,-4
-1,271217.5625,Run,-4
-1,271217.5625,Run,-4
-1,271217.5625,Run,-4
-1,271217.5625,Run,-4
-1,271217.5625,Run,-4
-1,271217.5625,Run,-4
-1,271217.5625,Run,-4
-1,271217.5625,Run,-4
-1,271217.5625,Run,-4
-1,271217.5625,Run,-4
-1,271217.5625,Dash,-4
-1,271217.5625,Run,-4
-1,271217.5625,Run,-4
-1,271217.5625,Run,-4
-1,271217.5625,Dash,-4
-1,271217.5625,Dash,-4
-1,271217.5625,Run,-4
-1,271217.5625,Run,-4
-1,271217.5625,Run,-4
-1,271217.5625,Run,-4
-1,271217.5625,Run,-4
-1,271217.5625,Run,-4
-1,271217.5625,Run,-4
-1,271217.5625,Run,-4
-1,271217.5625,Run,-4
-1,271217.5625,Run,-4
-1,271217.5625,Run,-4
-1,271217.5625,Run,-4
-1,271217.5625,Run,-4
-1,271217.5625,Run,-4
-1,271217.5625,Run,-4
-1,271217.5625,Dash,-4
-1,271217.5625,Run,-4
-1,271217.5625,Dash,-4
-1,271217.5625,Run,-4
-1,271217.5625,Run,-4
-1,271217.5625,Run,-4
-1,271217.5625,Run,-4
-1,271217.5625,Run,-4
-1,271217.5625,Run,-4
-1,271217.5625,Run,-4
-1,271217.5625,Run,-4
-1,271217.5625,Run,-4
-1,271217.5625,Run,-4
-1,271217.5625,Run,-4
-1,271217.5625,Dash,-4
-1,271217.5625,Run,-4
-1,271217.5625,Dash,-4
-1,271217.5625,Run,-4
-1,271217.5625,Run,-4
-1,271217.5625,Run,-4
-1,271217.5625,Run,-4
-1,271217.5625,Run,-4
-1,271217.5625,Run,-4
-1,271217.5625,Dash,-4
-1,271217.5625,Run,-4
-1,271217.5625,Run,-4
-1,271217.5625,Run,-4
-1,271217.5625,Run,-4
-1,271217.5625,Dash,-4
-1,271217.5625,Run,-4
-1,271217.5625,Run,-4
-1,271217.5625,Run,-4
-1,271217.5625,Run,-4
-1,271217.5625,Run,-4
-1,271217.5625,Run,-4
-1,271217.5625,Run,-4
-1,271217.5625,Run,-4
-1,271217.5625,Run,-4
-1,271217.5625,Dash,-4
-1,271217.5625,Run,-4
-1,271217.5625,Run,-4
-1,271217.5625,Run,-4
-1,271217.5625,Run,-4
-1,271217.5625,Run,-4
-1,271217.5625,Dash,-4
-1,271217.5625,Run,-4
-1,271217.5625,Run,-4
-1,271217.5625,Run,-4
-1,271217.5625,Run,-4
-1,271217.5625,Run,-4
-1,271217.5625,Run,-4
-1,271217.5625,Run,-4
-1,271217.5625,Run,-4
-1,271217.5625,Dash,-4
-1,271217.5625,Run,-4
-1,271217.5625,Run,-4
-1,271217.5625,Run,-4
-1,271217.5625,Run,-4
-1,271217.5625,Run,-4
-1,271217.5625,Run,-4
-1,271217.5625,Run,-4
-1,271217.5625,Run,-4
-1,271217.5625,Run,-4
-1,271217.5625,Run,-4
-1,271217.5625,Run,-4
-1,271217.5625,Run,-4
-1,271217.5625,Run,-4
-1,271217.5625,Run,-4
-1,271217.5625,Run,-4
-1,271217.5625,Run,-4
-1,271217.5625,Dash,-4
-1,271217.5625,Run,-4
-1,271217.5625,Run,-4
-1,271217.5625,Run,-4
-1,271217.5625,Run,-4
-1,271217.5625,Run,-4
-1,271217.5625,Dash,-4
-1,271217.5625,Dash,-4
-1,271217.5625,Run,-4
-1,271217.5625,Run,-4
-1,271217.5625,Run,-4
-1,271217.5625,Run,-4
-1,271217.5625,Run,-4
-1,271217.5625,Run,-4
-1,271217.5625,Run,-4
-1,271217.5625,Run,-4
-1,271217.5625,Run,-4
-1,271217.5625,Run,-4
-1,271217.5625,Run,-4
-1,271217.5625,Run,-4
-1,271217.5625,Run,-4
-1,271217.5625,Run,-4
-1,271217.5625,Run,-4
-1,271217.5625,Run,-4
-1,271217.5625,Run,-4
-1,271217.5625,Run,-4
-1,271217.5625,Run,-4
-1,271217.5625,Run,-4
-1,271217.5625,Run,-4
-1,271217.5625,Run,-4
-1,271217.5625,Run,-4
-1,271217.5625,Run,-4
-1,271217.5625,Run,-4
-1,271217.5625,Run,-4
-1,271217.5625,Run,-4
-1,271217.5625,Run,-4
-1,271217.5625,Run,-4
-1,271217.5625,Run,-4
-1,271217.5625,Run,-4
-1,271217.5625,Run,-4
-1,271217.5625,Run,-4
-1,271217.5625,Run,-4
-1,271217.5625,Run,-4
-1,271217.5625,Run,-4
-1,271217.5625,Run,-4
-1,271217.5625,Run,-4
-1,271217.5625,Run,-4
-1,271217.5625,Run,-4
-1,271217.5625,Run,-4
-1,271217.5625,Run,-4
-1,271217.5625,Dash,-4
-1,271217.5625,Run,-4
-1,271217.5625,Run,-4
-1,271217.5625,Run,-4
-1,271217.5625,Run,-4
-1,271217.5625,Run,-4
-1,271217.5625,Run,-4
-1,271217.5625,Run,-4
-1,271217.5625,Run,-4
-1,271217.5625,Run,-4
-1,271217.5625,Run,-4
-1,271217.5625,Run,-4
-1,271217.5625,Run,-4
-1,271217.5625,Run,-4
-1,271217.5625,Run,-4
-1,271217.5625,Run,-4
-1,271217.5625,Run,-4
-1,271217.5625,Run,-4
-1,271217.5625,Run,-4
-1,271217.5625,Run,-4
-1,271217.5625,Run,-4
-1,271217.5625,Run,-4
-1,271217.5625,Run,-4
-1,271217.5625,Run,-4
-1,271217.5625,Run,-4
-1,271217.5625,Run,-4
-1,271217.5625,Dash,-4
-1,271217.5625,Run,-4
-1,271217.5625,Run,-4
-1,271217.5625,Run,-4
-1,271217.5625,Run,-4
-1,271217.5625,Run,-4
-1,271217.5625,Run,-4
-1,271217.5625,Run,-4
-1,214369.0,Run,-4
-1,214369.0,Run,-4
-1,214369.0,Run,-4
-1,214369.0,Run,-4
-1,213751.5,Run,-4
-1,213134.0,Run,-4
-1,212516.484375,Run,-4
-1,211898.984375,Run,-4
-1,211281.46875,Run,-4
-1,210663.96875,Run,-4
-1,210046.46875,Run,-4
-1,209428.96875,Run,-4
-1,208811.46875,Run,-4
-1,208193.96875,Run,-4
-1,207576.453125,Run,-4
-1,206958.953125,Run,-4
-1,206341.4375,Run,-4
-1,205702.984375,Run,-4
-1,205085.46875,Run,-4
-1,204467.96875,Run,-4
-1,203850.46875,Run,-4
-1,203232.96875,Run,-4
-1,202615.46875,Run,-4
-1,201997.96875,Run,-4
-1,201380.453125,Run,-4
-1,200762.953125,Run,-4
-1,200145.453125,Run,-4
-1,199527.953125,Run,-4
-1,198910.46875,Run,-4
-1,198292.96875,Run,-4
-2,197675.46875,Run,-4
-2,197057.96875,Run,-4
-2,196440.46875,Run,-4
-2,195822.96875,Run,-4
-2,195205.46875,Run,-4
-2,194587.96875,Run,-4
-2,193970.46875,Run,-4
-2,193352.96875,Run,-4
-2,192735.46875,Run,-4
-2,192117.96875,Run,-4
-2,191500.484375,Run,-4
-2,190882.984375,Run,-4
-2,190262.765625,Run,-4
-2,189645.265625,Run,-4
-2,189027.78125,Dash,-4
-2,188410.28125,Run,-4
-2,186785.28125,Run,-4
-2,185160.265625,Run,-4
-2,183535.265625,Run,-4
-1,181910.265625,Dash,-5
-1,180285.265625,Run,-5
-1,178660.25,Run,-5
-1,177035.25,Run,-5
-1,175410.25,Run,-5
-2,173785.25,Run,-5
-2,172160.25,Run,-5
-2,170535.25,Run,-5
-2,168910.25,Run,-5
-2,168910.25,Dash,-5
-2,168910.25,Run,-5
-2,168292.75,Run,-5
-2,167675.25,Run,-5
-2,167057.75,Run,-5
-2,166440.25,Run,-5
-2,165822.75,Run,-6
-2,166008.9375,Run,-6
-2,166195.109375,Run,-6
-2,166381.28125,Dash,-6
-2,166567.4375,Run,-6
-2,166753.609375,Dash,-6
-2,166939.78125,Run,-6
-2,167125.9375,Run,-6
-2,166948.125,Run,-6
-1,166141.84375,Run,-6
-1,165414.8125,Run,-6
-1,164767.125,Run,-6
-1,164198.75,Run,-6
-2,163709.625,Run,-6
-2,163299.6875,Run,-6
-2,162968.90625,Run,-6
-2,162717.1875,Run,-6
-2,162544.53125,Run,-6
-2,162450.921875,Run,-6
-2,162316.296875,Run,-6
-2,161698.796875,Run,-6
-2,161081.296875,Run,-7
-2,160463.796875,Run,-7
-2,159846.3125,Run,-7
-2,159228.8125,Run,-7
-2,158611.3125,Run,-7
-2,157993.8125,Run,-7
-2,157376.3125,Run,-7
-2,156758.8125,Run,-7
-2,156141.3125,Run,-7
-2,155523.8125,Run,-7
-2,154906.3125,Run,-7
-2,154288.8125,Run,-7
-1,153671.328125,Run,-7
-1,153053.828125,Run,-7
-1,152436.328125,Run,-7
1,151818.828125,Dash,-7
1,151201.328125,Dash,-7
1,150373.8125,Run,-7
0,147883.625,Run,-6
0,145439.9375,Melee,-6
0,143035.140625,Melee,-6
0,140669.234375,Melee,-6
0,138342.21875,Burst,-6
0,136054.078125,Burst,-6
0,133804.84375,Burst,-6
1,131940.140625,Burst,-6
-1,130804.9609375,Jump,-6
-1,129696.234375,Melee,-6
-1,128613.9609375,Melee,-6
-1,129174.921875,Melee,-6
-1,129815.109375,Melee,-6
-1,130534.53125,Melee,-6
-1,131333.1875,Melee,-6
-1,132211.078125,Melee,-6
-1,133168.203125,Jump,-6
-1,134204.5625,Run,-6
-2,135072.65625,Blast,-6
-2,135579.859375,Run,-6
-2,136087.0625,Run,-6
-2,136594.28125,Run,-6
-3,137101.484375,Run,-6
-3,138436.25,Run,-6
-3,139771.0,Run,-6
-3,141105.75,Run,-6
-3,142440.515625,Run,-6
-3,143775.28125,Run,-6
-3,145110.03125,Dash,-6
-3,146444.78125,Run,-6
-3,147779.546875,Run,-6
-3,149114.3125,Run,-6
-3,150446.359375,Run,-6
-3,151781.125,Run,-6
-3,153115.875,Run,-6
1,153115.875,Run,-6
-2,153115.875,Dash,-6
-2,153623.09375,Run,-6
-2,154130.296875,Dash,-6
-2,154637.5,Run,-6
-2,155144.703125,Run,-6
-2,155651.90625,Run,-6
-2,156159.125,Run,-6
-2,156666.328125,Run,-6
-2,155269.046875,Run,-6
-2,156725.0,Dash,-6
1,158280.109375,Run,-6
1,160728.625,Run,-6
1,163124.390625,Run,-6
1,165467.40625,Run,-6
1,167757.703125,Dash,-6
1,169995.25,Jump,-6
1,172180.0625,Run,-6
1,174312.125,Dash,-6
8,176391.46875,Dash,-6
8,178418.0625,Dash,-6
8,180394.546875,Dash,-6
8,182315.65625,Run,-6
8,184184.03125,Run,-6
0,187335.015625,Dash,-5
0,188903.3125,Dash,-5
0,190561.8125,Dash,-5
0,192316.59375,Dash,-5
0,194167.671875,Dash,-5
0,196114.46875,Dash,-5
0,198155.34375,Melee,-6
1,197090.984375,Melee,-6
1,195055.28125,Run,-6
1,193113.03125,Run,-5
1,191263.6875,Run,-5
1,189506.6875,Jump,-5
1,187841.4375,Run,-5
1,186267.40625,Run,-5
1,185375.234375,Blast,-5
1,185698.6875,Melee,-5
1,184795.78125,Melee,-5
-1,183972.109375,Melee,-5
-1,184114.25,Burst,-5
1,184335.640625,Melee,-5
-2,184636.25,Melee,-5
-2,185902.6875,Burst,-5
-2,187248.375,Burst,-5
-2,188673.28125,Melee,-5
-2,190099.0,Melee,-5
-2,190982.90625,Melee,-5
-2,191869.484375,Melee,-5
-1,192756.078125,Run,-5
1,192756.078125,Run,-5
1,192756.078125,Run,-5
1,191869.484375,Run,-5
1,190982.90625,Run,-5
1,190096.3125,Run,-5
1,189209.71875,Dash,-6
1,188323.125,Dash,-6
1,190025.21875,Dash,-6
1,191654.515625,Melee,-6
-2,193251.03125,Dash,-6
-2,194794.796875,Run,-6
8,196285.765625,Melee,-6
8,197723.96875,Melee,-6
8,199112.078125,Melee,-6
8,200444.71875,Melee,-6
8,201724.0,Melee,-6
8,202951.0625,Melee,-6
8,204125.34375,Melee,-6
8,205246.875,Run,-6
8,204043.609375,Run,-6
8,202839.625,Run,-6
8,200793.203125,Run,-6
8,198766.71875,Dash,-6
8,194855.75,Run,-6
8,192870.859375,Run,-6
8,190905.09375,Dash,-6
8,189039.8125,Run,-6
8,187273.34375,Run,-6
8,186729.0,Run,-6
8,186263.625,Run,-6
8,185877.15625,Run,-6
8,185569.625,Run,-6
8,186109.3125,Jump,-6
8,186389.15625,Jump,-6
8,187460.25,Jump,-6
8,188534.59375,Run,-6
8,189607.5625,Burst,-6
8,188776.34375,Burst,-6
8,189849.34375,Jump,-6
8,190920.84375,Dash,-6
8,191994.8125,Dash,-6
8,193067.78125,Jump,-6
8,194140.78125,Run,-6
1,194140.78125,Dash,-6
1,194140.78125,Run,-6
1,195213.75,Run,-6
5,196286.75,Run,-6
5,196286.75,Run,-6
5,196286.75,Run,-6
5,196286.75,Run,-6
5,196286.75,Run,-6
5,196286.75,Run,-6
5,196286.75,Run,-6
5,196286.75,Run,-6
5,196286.75,Run,-6
5,196286.75,Run,-6
1,196286.75,Run,-6
1,196286.75,Run,-6
1,197359.75,Run,-6
0,196394.015625,Run,-5
-1,195429.125,Run,-5
1,195091.6875,Run,-5
1,196061.8125,Jump,-5
1,197109.671875,Run,-4
1,198235.265625,Run,-4
1,199438.59375,Run,-4
1,200719.65625,Run,-4
1,202078.4375,Run,-4
1,203144.5,Melee,-4
1,203321.875,Melee,-4
1,204543.421875,Melee,-4
1,205844.21875,Melee,-4
1,207224.234375,Melee,-4
1,208683.5,Melee,-4
5,210221.984375,Melee,-4
5,210481.96875,Melee,-5
5,210991.84375,Melee,-5
5,211497.25,Melee,-5
5,212002.65625,Melee,-5
5,212508.0625,Melee,-5
5,213013.4375,Melee,-5
5,213518.84375,Melee,-5
5,214024.25,Melee,-5
5,214529.65625,Melee,-5
1,214423.34375,Melee,-5
1,214243.375,Melee,-5
1,215266.359375,Melee,-5
1,216368.578125,Melee,-5
1,217550.03125,Melee,-5
1,218810.71875,Melee,-5
1,220150.625,Melee,-5
1,221569.78125,Melee,-5
1,223068.1875,Melee,-5
1,224645.8125,Run,-5
-2,226302.65625,Run,-5
-2,227996.890625,Run,-5
-2,229120.625,Run,-5
-2,230244.375,Run,-5
-2,231368.125,Run,-5
-3,232491.875,Run,-5
-3,235449.09375,Run,-5
-3,238406.3125,Melee,-5
-3,241363.5625,Burst,-5
-3,244320.78125,Burst,-5
-3,247278.0,Burst,-5
-3,250235.25,Burst,-5
-3,253192.46875,Burst,-5
-3,256149.6875,Burst,-5
-3,259106.90625,Burst,-5
-3,262064.15625,Burst,-5
-3,265021.375,Run,-5
-3,267975.90625,Run,-5
1,267975.90625,Run,-5
-2,267975.90625,Dash,-5
-2,269099.65625,Run,-5
-2,270223.375,Run,-5
-2,271347.125,Run,-5
-2,270548.875,Run,-5
-2,273033.3125,Run,-5
-2,275616.65625,Run,-5
-2,278299.0,Run,-5
-2,281080.53125,Run,-5
-1,283961.4375,Run,-5
1,285758.125,Dash,-5
1,287634.5,Run,-5
1,290582.09375,Run,-5
1,293476.96875,Run,-5
1,296319.0625,Dash,-5
-2,299108.46875,Run,-5
-2,303170.78125,Run,-5
-2,307233.09375,Run,-6
-2,311295.40625,Run,-6
-2,315357.75,Run,-6
-2,319420.0625,Melee,-6
-2,323482.375,Melee,-6
-2,327544.6875,Melee,-6
-2,330099.4375,Melee,-6
-2,332598.78125,Melee,-6
-2,331139.03125,Melee,-6
-2,329763.1875,Melee,-6
-2,328464.25,Melee,-6
-2,327244.59375,Melee,-6
-2,326104.15625,Melee,-6
-2,324910.46875,Melee,-6
-2,323376.5,Melee,-6
-2,321839.90625,Melee,-6
-2,320303.28125,Melee,-6
1,320303.28125,Melee,-6
-2,320303.28125,Melee,-6
-2,318766.6875,Burst,-6
-2,317230.0625,Melee,-6
-2,315693.46875,Melee,-6
-2,314156.84375,Melee,-6
-2,312620.25,Run,-6
-2,311083.625,Run,-6
-2,309547.03125,Run,-6
-2,308010.40625,Dash,-6
-2,306473.8125,Dash,-6
-2,304937.1875,Run,-6
-3,303400.59375,Run,-6
-3,299356.875,Run,-6
-3,295313.15625,Run,-6
-3,291269.40625,Run,-6
-3,287225.6875,Run,-6
-3,283181.96875,Run,-6
-3,279138.25,Run,-6
-3,275091.8125,Run,-6
-3,271048.09375,Dash,-6
-3,267004.375,Run,-6
-3,260170.03125,Run,-6
-3,253474.59375,Run,-6
-3,246918.03125,Run,-6
1,244266.3125,Dash,-6
-2,241614.59375,Run,-6
-2,237584.59375,Run,-6
-2,233607.375,Run,-6
-2,229682.9375,Run,-6
-2,225811.265625,Run,-6
1,221992.375,Run,-6
1,220718.9375,Run,-6
1,219392.71875,Jump,-6
1,220612.65625,Burst,-6
1,221832.59375,Burst,-6
1,223052.53125,Dash,-6
1,224272.484375,Dash,-6
1,225492.4375,Run,-6
-2,226712.375,Run,-6
-2,226712.375,Run,-6
-2,226712.375,Run,-7
-2,227223.40625,Run,-7
-2,227730.0625,Run,-7
-2,228236.71875,Run,-7
-2,228743.359375,Run,-7
-2,229250.015625,Run,-7
-2,231023.65625,Dash,-7
-2,232809.4375,Burst,-7
-2,234077.84375,Burst,-7
-2,235352.0625,Jump,-7
-2,236623.78125,Run,-7
-2,237895.5,Burst,-7
-2,237895.5,Burst,-7
-2,237895.5,Burst,-7
-2,236623.78125,Burst,-7
-2,235352.0625,Burst,-7
-2,234080.34375,Burst,-7
1,234080.34375,Burst,-7
-2,234080.34375,Run,-7
-1,232808.59375,Run,-7
-1,232808.59375,Run,-7
-1,232808.59375,Run,-7
-1,232808.59375,Run,-7
1,232808.59375,Run,-7
1,232808.59375,Run,-7
1,234080.34375,Jump,-7
1,235352.0625,Dash,-7
1,236623.78125,Run,-7
1,237895.5,Dash,-7
1,239167.25,Dash,-7
1,240438.96875,Jump,-7
0,239319.5625,Burst,-6
0,238201.1875,Burst,-6
0,237082.78125,Burst,-6
0,235964.390625,Burst,-6
0,234846.0,Burst,-6
0,233727.609375,Burst,-6
0,232609.21875,Burst,-6
0,231490.828125,Burst,-6
1,231117.09375,Burst,-6
1,232279.03125,Run,-6
1,233518.8125,Run,-6
1,234836.4375,Run,-6
3,236231.875,Jump,-6
3,239578.53125,Run,-6
3,242925.1875,Run,-5
3,246271.875,Dash,-5
3,249618.53125,Melee,-5
3,252965.1875,Melee,-5
3,256311.84375,Melee,-5
-3,259658.5,Melee,-5
-3,263005.15625,Melee,-5
-3,266351.84375,Dash,-5
-3,269698.5,Melee,-5
-3,273045.15625,Melee,-5
-3,276391.8125,Melee,-5
-1,279738.46875,Melee,-5
-1,281088.03125,Blast,-5
-1,282515.40625,Run,-5
-1,284020.59375,Run,-5
-1,285603.625,Jump,-5
-1,287264.46875,Blast,-5
-1,289003.125,Run,-5
-2,290301.0,Run,-5
-2,291572.71875,Run,-5
-2,292844.4375,Run,-5
-2,294116.1875,Run,-5
-2,295387.875,Run,-5
-2,296659.625,Dash,-5
-1,297931.34375,Run,-5
1,297931.34375,Dash,-5
1,297931.34375,Dash,-5
1,296657.09375,Dash,-5
1,299459.46875,Run,-5
1,302209.21875,Dash,-5
-2,304906.25,Run,-5
-2,308927.71875,Run,-6
-2,312949.15625,Melee,-6
-2,316970.625,Melee,-6
-2,320992.0625,Melee,-6
-2,325013.5,Melee,-6
-2,329034.96875,Melee,-6
-2,333056.40625,Melee,-6
-2,337077.875,Melee,-6
-2,339514.21875,Melee,-6
-2,341894.3125,Melee,-6
-2,340359.40625,Burst,-6
-2,338903.78125,Burst,-6
-2,337527.375,Melee,-6
-2,336230.21875,Melee,-6
-2,335011.46875,Melee,-6
-2,333872.78125,Melee,-6
-2,332401.65625,Melee,-6
-2,330787.5625,Melee,-6
-2,329173.4375,Melee,-6
1,329173.4375,Melee,-6
-2,329173.4375,Run,-6
-2,327559.34375,Run,-6
-2,325945.25,Run,-6
-2,324331.125,Run,-6
-2,322717.0625,Run,-6
-2,321102.9375,Run,-6
-2,319488.84375,Run,-6
-2,317874.75,Run,-6
-2,316260.625,Run,-6
-2,314646.53125,Run,-6
-2,313032.4375,Run,-6
-2,311418.3125,Run,-6
-2,309804.21875,Run,-6
-1,308190.125,Run,-6
1,308190.125,Run,-6
1,308190.125,Dash,-6
1,309804.21875,Jump,-6
1,311418.3125,Run,-6
1,313032.4375,Run,-6
1,314646.53125,Dash,-6
1,316260.625,Dash,-6
1,314320.34375,Jump,-6
1,312327.28125,Dash,-6
1,310281.4375,Jump,-6
1,308182.8125,Burst,-6
1,306031.40625,Melee,-6
1,303827.25,Melee,-6
1,301570.28125,Melee,-6
-2,299260.5625,Run,-6
-2,296898.03125,Run,-6
-2,294482.75,Run,-6
-2,292014.6875,Melee,-6
-2,289493.84375,Run,-6
-2,290791.25,Run,-6
-2,290167.53125,Run,-6
-2,292761.59375,Run,-6
-2,295452.375,Run,-6
-2,298240.8125,Run,-6
-2,301128.0,Run,-6
-2,304115.125,Dash,-6
-2,307203.21875,Dash,-6
-2,310393.25,Dash,-6
-2,313685.8125,Run,-6
-2,317081.0625,Run,-6
-2,320575.78125,Run,-6
-2,323722.625,Run,-6
-2,326730.9375,Run,-6
1,327857.46875,Run,-6
3,327836.59375,Dash,-6
3,325511.75,Dash,-6
3,323212.40625,Run,-6
3,320934.375,Run,-6
3,318666.21875,Melee,-6
-3,316379.125,Melee,-6
-3,312761.875,Melee,-6
-3,309223.84375,Melee,-6
-3,305765.03125,Burst,-6
-3,302385.5,Burst,-6
-3,298656.1875,Burst,-6
-3,294745.78125,Melee,-6
-3,290835.375,Melee,-6
1,290835.375,Melee,-6
-2,290835.375,Run,-6
-2,289349.4375,Run,-6
-2,287863.5,Dash,-6
-2,286377.53125,Run,-6
-2,284891.59375,Run,-6
-2,283405.625,Run,-6
-1,281919.6875,Run,-6
1,281919.6875,Run,-6
1,281919.6875,Run,-6
1,283405.625,Run,-6
1,284891.59375,Burst,-6
1,286377.53125,Run,-6
1,287863.5,Jump,-6
8,289349.4375,Run,-6
8,290835.375,Run,-6
8,292324.03125,Run,-6
8,293810.0,Dash,-6
8,295295.9375,Run,-6
8,296782.0625,Jump,-6
8,298268.0,Run,-6
8,299753.9375,Run,-6
8,301239.875,Jump,-6
8,302725.84375,Jump,-7
8,303928.03125,Run,-7
8,305230.3125,Melee,-7
8,305125.6875,Burst,-7
8,303614.3125,Melee,-7
8,302181.0625,Melee,-7
8,300829.625,Melee,-7
8,299555.96875,Burst,-7
8,298268.15625,Burst,-7
8,296782.1875,Burst,-7
8,295295.625,Burst,-7
8,295295.625,Burst,-7
8,296782.71875,Run,-7
8,298268.65625,Dash,-7
8,299754.625,Run,-7
8,301240.5625,Dash,-7
8,302726.5,Dash,-8
8,304212.375,Dash,-8
8,305698.53125,Melee,-8
8,307184.46875,Melee,-8
8,307184.46875,Melee,-8
8,307184.46875,Melee,-8
8,308670.4375,Melee,-8
1,308670.4375,Melee,-8
1,308670.4375,Burst,-8
1,310156.375,Melee,-8
1,311642.3125,Melee,-8
1,313128.28125,Melee,-8
1,314614.21875,Melee,-8
1,316100.15625,Melee,-8
1,317586.125,Melee,-8
-1,319072.0625,Run,-8
1,319072.0625,Run,-8
8,319072.0625,Run,-8
8,317586.125,Dash,-8
8,316100.15625,Run,-8
8,314614.21875,Run,-8
8,313128.28125,Run,-8
8,311642.3125,Run,-8
8,310154.625,Run,-8
8,308670.71875,Melee,-8
8,307184.75,Melee,-8
8,305698.8125,Melee,-8
8,304212.875,Melee,-8
8,302725.8125,Melee,-8
8,301241.34375,Burst,-8
8,299755.375,Melee,-8
8,298269.40625,Melee,-8
8,296783.46875,Melee,-8
8,295296.9375,Melee,-8
8,293811.9375,Melee,-8
8,292325.96875,Melee,-8
8,290840.0,Melee,-8
8,289354.0625,Melee,-8
8,287867.875,Melee,-8
8,286382.4375,Melee,-8
8,284896.4375,Melee,-8
8,283410.5,Melee,-8
8,281924.5625,Melee,-8
8,280438.5625,Melee,-8
8,278952.71875,Melee,-8
8,277466.78125,Melee,-8
8,275980.84375,Melee,-8
8,274494.875,Melee,-8
1,274494.875,Melee,-8
-2,274494.875,Run,-8
-2,273008.9375,Dash,-8
-3,271520.28125,Run,-8
-3,267609.875,Run,-8
-3,263699.46875,Run,-8
-3,259789.0625,Run,-8
-3,255878.65625,Run,-8
-3,251968.25,Run,-8
-3,248057.84375,Run,-8
-3,244147.4375,Run,-8
-3,240237.03125,Run,-8
-3,236326.65625,Run,-8
-3,232416.25,Run,-8
-3,228505.828125,Run,-8
-3,224595.421875,Run,-8
1,224595.421875,Run,-8
-2,224595.421875,Dash,-8
-2,223109.46875,Run,-8
-2,221623.53125,Run,-8
-2,220137.5625,Run,-8
-2,218651.625,Dash,-8
-2,217165.65625,Dash,-8
-2,215679.71875,Run,-8
-2,214193.75,Run,-8
-2,212707.796875,Run,-8
-2,211221.84375,Run,-8
-2,209735.890625,Run,-8
-2,208249.9375,Run,-8
-2,206763.984375,Run,-8
-2,205278.03125,Run,-8
-2,203792.0625,Run,-8
-2,202306.125,Run,-8
-2,200820.15625,Run,-8
-2,199334.21875,Run,-8
-2,197848.25,Dash,-8
-2,196362.296875,Run,-8
-2,194876.34375,Run,-8
-2,193390.390625,Run,-8
-1,191904.4375,Run,-8
-1,188516.03125,Jump,-8
-1,185207.34375,Jump,-8
-1,181977.875,Run,-8
-1,178827.6875,Run,-8
-1,175756.75,Run,-8
-1,172765.0625,Jump,-8
-1,169852.625,Jump,-8
-1,167019.421875,Run,-8
-1,164265.484375,Run,-8
-1,161590.78125,Blast,-8
-1,158995.34375,Jump,-8
-1,156479.15625,Jump,-8
-1,154042.1875,Run,-8
-1,151684.5,Run,-8
-1,149406.0625,Jump,-8
-1,147206.84375,Jump,-8
-1,145086.90625,Jump,-8
-1,143545.46875,Jump,-8
-1,142083.28125,Run,-8
-1,140700.359375,Run,-8
-1,139396.671875,Run,-8
-1,138172.25,Run,-8
-1,137027.0625,Run,-8
-1,135961.140625,Jump,-8
-1,134974.453125,Run,-8
-1,131586.53125,Run,-8
-1,128277.8359375,Run,-8
-1,125048.40625,Run,-8
-1,121898.203125,Jump,-8
-1,118827.2734375,Run,-8
-1,115835.578125,Run,-8
-1,112923.140625,Jump,-8
-1,110423.921875,Jump,-8
-1,109155.9375,Run,-8
-1,107967.1875,Jump,-8
-1,106857.703125,Run,-8
-1,105827.453125,Run,-8
-1,104876.46875,Jump,-8
-1,104004.71875,Jump,-8
-1,103212.234375,Run,-8
-1,102498.984375,Dash,-8
-1,101864.984375,Dash,-8
-1,101310.25,Run,-8
-1,100834.75,Jump,-8
-1,100795.125,Jump,-8
-1,100834.75,Run,-8
-1,101257.40625,Run,-8
-1,101680.0703125,Run,-8
-1,102102.734375,Run,-8
-1,102525.390625,Run,-8
-1,102948.0546875,Run,-8
-1,103370.71875,Run,-8
2,103793.375,Run,-8
2,102829.890625,Run,-8
2,101945.65625,Jump,-8
2,101140.65625,Run,-8
2,100414.921875,Run,-8
2,99768.4296875,Run,-8
2,99201.1875,Run,-8
2,98713.1953125,Jump,-8
2,98304.453125,Jump,-8
2,97974.9609375,Jump,-8
-1,97724.71875,Run,-8
-1,95129.2734375,Dash,-8
-1,92613.0859375,Run,-8
-1,90176.140625,Run,-8
-1,87818.4453125,Run,-8
-1,85540.0,Run,-8
-1,83340.8046875,Jump,-8
-1,82237.5546875,Run,-8
-1,81682.8125,Run,-8
-1,81635.265625,Jump,-8
-1,81666.9609375,Run,-8
-1,82089.625,Run,-8
-1,82512.2890625,Run,-8
-1,82934.953125,Run,-8
-1,83357.6171875,Run,-8
-1,83780.28125,Run,-8
-1,84202.9375,Run,-8
-1,84625.6015625,Run,-8
2,85048.265625,Run,-8
2,84084.78125,Run,-8
2,83200.5390625,Jump,-8
2,82395.546875,Jump,-8
2,81669.8125,Jump,-8
2,81023.3125,Jump,-8
2,80456.078125,Run,-8
2,79968.078125,Jump,-8
2,79559.34375,Jump,-8
2,79229.84375,Jump,-8
-1,78979.6015625,Run,-8
-1,76384.15625,Jump,-8
1,76281.140625,Jump,-8
1,77743.3125,Run,-8
1,79284.7421875,Run,-8
1,80905.4140625,Run,-8
1,82605.34375,Run,-8
1,84384.515625,Jump,-8
1,86242.9375,Run,-8
1,88180.6171875,Jump,-8
1,90197.546875,Dash,-8
1,92293.71875,Run,-8
1,94469.1484375,Run,-8
1,96723.828125,Jump,-8
1,99057.75,Run,-8
1,101470.921875,Run,-8
1,103963.34375,Jump,-8
1,106535.0078125,Run,-8
1,109185.9375,Run,-8
3,111916.109375,Run,-8
3,115826.5,Burst,-8
3,119736.90625,Burst,-8
3,123647.296875,Jump,-8
3,127557.703125,Run,-8
3,131468.09375,Jump,-8
3,135378.5,Run,-8
3,139288.890625,Jump,-8
3,143199.296875,Dash,-8
3,147109.6875,Run,-8
3,151020.09375,Run,-8
3,154930.484375,Run,-8
3,158840.890625,Run,-8
1,162751.296875,Dash,-8
1,164316.484375,Run,-8
1,165960.9375,Run,-8
1,167684.625,Run,-8
1,169487.578125,Run,-8
1,171369.78125,Run,-8
1,173331.21875,Run,-8
1,175371.90625,Run,-8
1,177491.859375,Run,-8
1,179691.03125,Run,-8
1,181969.484375,Run,-8
1,182841.21875,Run,-8
1,183792.21875,Jump,-8
1,184822.46875,Run,-8
1,185931.953125,Run,-8
1,187120.6875,Run,-8
1,188388.6875,Jump,-8
1,189735.921875,Jump,-8
1,191162.40625,Run,-8
1,192668.15625,Jump,-8
1,194253.140625,Run,-8
1,195917.375,Jump,-8
1,197660.859375,Dash,-8
1,199483.59375,Run,-8
1,201385.578125,Jump,-8
1,203366.8125,Jump,-8
1,205427.296875,Run,-8
-1,206572.390625,Run,-8
-1,206572.390625,Run,-8
-1,206572.390625,Run,-8
-1,206572.390625,Run,-8
-1,206572.390625,Run,-8
1,206572.390625,Run,-8
1,206572.390625,Run,-8
1,208058.328125,Burst,-8
1,209544.28125,Run,-8
1,211030.234375,Dash,-8
1,212516.171875,Dash,-8
1,214002.125,Burst,-8
1,215488.078125,Run,-8
1,216956.71875,Run,-8
1,218442.65625,Burst,-8
1,219928.625,Dash,-8
1,221414.5625,Dash,-8
1,222925.890625,Dash,-8
1,224617.703125,Jump,-8
1,226114.15625,Jump,-8
1,227600.109375,Run,-8
3,229165.296875,Run,-8
3,233075.703125,Run,-8
3,236986.109375,Run,-8
3,240896.515625,Jump,-8
3,244806.921875,Run,-8
3,248717.328125,Dash,-8
3,252627.734375,Dash,-8
3,256538.140625,Run,-8
3,260448.546875,Run,-8
3,264358.9375,Run,-8
3,268269.375,Run,-8
3,272179.75,Run,-8
3,276090.1875,Run,-8
1,280000.5625,Run,-8
1,281565.75,Jump,-8
1,283210.21875,Run,-8
1,284933.9375,Run,-8
1,286736.84375,Jump,-8
1,288619.0625,Run,-8
1,290580.5,Jump,-8
1,292621.1875,Run,-8
1,294741.125,Run,-8
1,296940.34375,Jump,-8
1,299218.75,Jump,-8
1,301576.46875,Run,-8
1,304013.375,Jump,-8
1,306529.59375,Dash,-8
1,308651.28125,Run,-8
1,309839.46875,Run,-8
-1,311107.46875,Run,-8
-1,312454.71875,Run,-8
-1,309614.21875,Jump,-8
-1,306853.0,Run,-8
-1,304171.03125,Jump,-8
-1,301568.28125,Jump,-8
-1,299044.8125,Run,-8
-1,296600.5625,Run,-8
-1,294235.59375,Run,-8
-1,291949.84375,Run,-8
-1,289743.375,Run,-8
-1,287616.125,Dash,-8
-1,287992.5625,Run,-8
2,215196.625,Run,-8
2,216094.96875,Run,-8
2,217072.5625,Run,-8
2,218129.390625,Jump,-8
1,218597.828125,Run,-8
1,220373.734375,Jump,-8
1,222228.90625,Run,-8
1,224163.296875,Run,-8
1,226176.953125,Run,-8
1,227552.515625,Jump,-8
1,228987.28125,Run,-8
1,231218.65625,Jump,-8
1,233529.25,Jump,-8
1,235919.125,Run,-8
1,238388.25,Run,-8
1,240936.609375,Jump,-8
1,242655.125,Run,-8
1,244464.375,Dash,-8
1,244351.0625,Run,-8
1,244007.25,Jump,-8
1,243610.65625,Run,-8
-1,243161.3125,Run,-8
-1,240955.46875,Run,-8
-1,238749.65625,Run,-8
-1,236543.8125,Run,-8
-1,234338.0,Run,-8
-1,232132.15625,Run,-8
-1,229926.3125,Run,-8
-1,227720.5,Run,-8
-1,225514.65625,Run,-8
-1,223308.8125,Run,-8
-1,221102.984375,Run,-8
-1,220344.40625,Run,-8
-1,219665.046875,Run,-8
-1,219064.875,Run,-8
2,218543.84375,Run,-8
2,216211.1875,Run,-8
-2,214021.375,Jump,-8
-2,213404.96875,Run,-8
-2,210726.625,Run,-8
-2,209706.609375,Run,-8
-2,208762.8125,Run,-8
-2,207895.28125,Dash,-8
-2,207104.015625,Run,-8
-2,206389.03125,Run,-8
-2,207154.0625,Dash,-8
-2,208053.921875,Dash,-8
-2,209089.8125,Run,-8
-2,210263.265625,Jump,-9
-2,212525.421875,Run,-9
-2,214875.4375,Dash,-9
-2,217080.46875,Run,-9
-2,219300.34375,Jump,-9
-2,220294.234375,Run,-9
-2,220873.4375,Run,-9
-2,221161.21875,Run,-9
-1,221161.21875,Run,-9
-1,221161.21875,Run,-9
-1,220240.1875,Run,-9
-1,219321.75,Run,-9
-1,218403.3125,Dash,-9
-2,217484.875,Run,-9
-2,215067.9375,Run,-9
-2,212650.984375,Run,-9
-2,210234.03125,Run,-9
-2,207817.09375,Run,-10
-2,205400.15625,Run,-10
-2,202983.203125,Run,-10
-2,200566.25,Run,-10
-2,199197.203125,Dash,-10
-2,197794.03125,Dash,-10
-2,196338.09375,Melee,-10
-2,193841.984375,Melee,-10
-2,191345.875,Melee,-10
-2,191345.875,Melee,-10
-2,191345.875,Melee,-10
-2,191345.875,Melee,-10
-2,191345.875,Melee,-10
-2,191345.875,Melee,-10
-2,191345.875,Melee,-10
-1,191345.875,Melee,-10
-1,191345.875,Run,-10
-1,191345.875,Run,-10
-1,191345.875,Run,-10
3,191345.875,Dash,-10
-3,193874.859375,Dash,-10
-3,196403.84375,Dash,-10
-3,198932.8125,Jump,-10
-3,201461.8125,Jump,-10
-3,203990.78125,Melee,-10
-3,206519.78125,Melee,-10
-3,209048.75,Melee,-10
-3,211577.734375,Melee,-10
-3,214106.71875,Melee,-10
-3,216635.703125,Melee,-10
-3,219164.6875,Melee,-10
-3,221693.671875,Melee,-10
1,221693.671875,Melee,-10
8,221693.671875,Run,-10
8,220732.65625,Run,-10
8,219771.65625,Run,-10
8,218810.640625,Jump,-10
8,217849.625,Run,-10
8,216888.546875,Burst,-10
8,215927.84375,Run,-10
8,214966.84375,Burst,-10
8,214005.84375,Run,-10
8,213044.828125,Dash,-10
8,212083.8125,Run,-10
8,211122.84375,Dash,-10
8,210161.8125,Burst,-10
8,209200.8125,Dash,-10
8,208239.796875,Dash,-10
8,207278.78125,Run,-10
0,207723.46875,Run,-9
0,208167.609375,Run,-9
0,208611.734375,Run,-9
0,209055.875,Run,-9
0,209500.0,Run,-9
0,209944.125,Run,-9
0,210388.25,Run,-9
1,210265.875,Run,-9
1,209120.109375,Jump,-9
1,208053.5625,Run,-9
5,207066.25,Run,-9
5,207066.25,Run,-9
5,207066.25,Run,-9
5,207066.25,Run,-9
5,207066.25,Run,-9
5,207066.25,Run,-9
5,207066.25,Run,-9
5,207066.25,Run,-9
5,207066.25,Run,-9
5,207066.25,Run,-9
5,207066.25,Run,-9
1,207066.25,Run,-9
1,206184.46875,Run,-9
5,205381.9375,Run,-9
5,205381.9375,Run,-9
5,206486.5625,Run,-9
5,207589.21875,Run,-10
5,206615.078125,Run,-10
5,205641.0625,Run,-10
5,204667.03125,Run,-10
5,203693.0,Run,-10
5,202718.96875,Run,-10
5,201744.9375,Run,-10
5,200770.90625,Run,-10
5,200447.578125,Run,-10
5,201480.875,Run,-10
5,202591.78125,Run,-10
5,203780.046875,Run,-10
5,205045.28125,Run,-10
5,206386.8125,Run,-10
5,207803.46875,Run,-12
5,209292.9375,Run,-12
5,210634.0,Melee,-12
5,211722.78125,Melee,-12
5,211722.78125,Melee,-12
5,211722.78125,Melee,-12
5,211722.78125,Melee,-12
5,211722.78125,Melee,-12
5,211722.78125,Melee,-12
5,211722.78125,Melee,-12
5,211722.78125,Melee,-12
5,211722.78125,Melee,-12
5,211722.78125,Burst,-12
5,211722.78125,Melee,-12
5,211722.78125,Melee,-12
5,211722.78125,Melee,-12
5,211722.78125,Melee,-12
5,211722.78125,Melee,-12
5,211722.78125,Melee,-12
5,211722.78125,Melee,-12
5,211722.78125,Melee,-12
5,211722.78125,Melee,-12
5,211722.78125,Melee,-12
5,211722.78125,Melee,-12
5,211722.78125,Melee,-12
5,211722.78125,Melee,-12
5,211722.78125,Melee,-12
5,211722.78125,Melee,-12
5,211722.78125,Melee,-12
5,211722.78125,Melee,-12
5,211722.78125,Melee,-12
5,211722.78125,Melee,-12
5,211722.78125,Melee,-12
5,211722.78125,Melee,-12
5,211722.78125,Melee,-12
5,211722.78125,Melee,-12
5,211722.78125,Melee,-12
5,211722.78125,Melee,-12
5,211722.78125,Melee,-12
5,211722.78125,Melee,-12
5,211722.78125,Melee,-12
5,211722.78125,Melee,-12
5,211722.78125,Melee,-12
5,211722.78125,Melee,-12
5,211722.78125,Melee,-12
5,211722.78125,Melee,-12
5,211722.78125,Melee,-12
5,211722.78125,Melee,-12
5,211722.78125,Melee,-12
5,211722.78125,Melee,-12
5,211722.78125,Melee,-12
5,211722.78125,Melee,-12
5,211722.78125,Melee,-12
5,211722.78125,Melee,-12
5,211722.78125,Melee,-12
5,211722.78125,Melee,-12
5,211722.78125,Melee,-12
5,211722.78125,Melee,-12
5,211722.78125,Melee,-12
5,211722.78125,Melee,-12
5,211722.78125,Melee,-12
5,211722.78125,Melee,-12
5,210791.859375,Burst,-12
5,209861.53125,Melee,-12
5,208931.21875,Melee,-12
5,208000.90625,Melee,-12
5,207070.578125,Melee,-12
5,206140.25,Melee,-12
5,205209.9375,Melee,-12
5,204923.3125,Melee,-12
5,204875.09375,Melee,-12
5,204904.40625,Melee,-12
5,205011.203125,Melee,-12
5,205195.515625,Melee,-12
5,205457.328125,Melee,-12
5,205796.65625,Melee,-12
5,205948.078125,Melee,-12
5,205948.078125,Melee,-12
5,205948.078125,Melee,-12
5,205948.078125,Melee,-12
5,205948.078125,Melee,-12
5,205948.078125,Melee,-12
5,205948.078125,Melee,-12
5,205948.078125,Melee,-12
5,205948.078125,Melee,-12
5,205948.078125,Melee,-12
5,205948.078125,Melee,-12
5,205948.078125,Melee,-12
5,205948.078125,Melee,-12
5,205948.078125,Melee,-12
5,205948.078125,Melee,-12
5,205948.078125,Melee,-12
5,205948.078125,Melee,-12
5,205948.078125,Melee,-12
5,205948.078125,Melee,-12
5,205948.078125,Melee,-12
5,205948.078125,Melee,-12
5,205948.078125,Melee,-12
5,205948.078125,Melee,-12
5,205948.078125,Melee,-12
5,205948.078125,Melee,-12
5,205948.078125,Melee,-12
5,205948.078125,Melee,-12
5,205948.078125,Melee,-12
5,205948.078125,Melee,-12
5,205948.078125,Melee,-12
5,205948.078125,Melee,-12
5,205948.078125,Melee,-12
5,205948.078125,Melee,-12
5,205948.078125,Melee,-12
5,205948.078125,Melee,-12
5,205948.078125,Melee,-12
5,205948.078125,Melee,-12
5,205948.078125,Melee,-12
5,205948.078125,Melee,-12
5,205948.078125,Melee,-12
5,205948.078125,Melee,-12
5,205948.078125,Melee,-12
5,205948.078125,Melee,-12
5,205948.078125,Melee,-12
5,205948.078125,Melee,-12
