playerAggression,distance,pastNemStates,pastNemStatesENC,nemInput,curReward
-1,214369.0,Idle,0
-1,214369.0,Burst,0
-1,214369.0,Run,0
-1,214369.0,Run,0
-1,214369.0,Run,0
-1,214369.0,Run,0
-1,214369.0,Run,0
-1,214369.0,Run,0
-1,214369.0,Run,0
-1,214369.0,Run,0
-1,214369.0,Run,0
-1,214369.0,Run,0
-1,214369.0,Run,0
-1,214369.0,Run,0
-1,214369.0,Run,0
-1,214369.0,Run,0
-1,214369.0,Run,0
-1,214369.0,Run,0
-1,214369.0,Run,0
-1,214369.0,Run,0
-1,214369.0,Dash,0
1,214369.0,Run,0
1,214369.0,Run,0
1,216218.34375,Run,0
1,218067.671875,Dash,0
1,219917.0,Run,0
1,221766.34375,Jump,0
2,223594.71875,Run,0
2,223542.0,Run,0
2,223568.578125,Run,0
2,223674.40625,Jump,0
2,223859.5,Run,0
2,224123.84375,Run,0
-2,224467.421875,Run,0
-2,224461.71875,Run,0
-2,224456.0,Run,0
-2,223726.421875,Run,0
-2,222996.921875,Run,0
-2,222267.5,Run,0
-2,221538.1875,Run,0
-2,220808.96875,Run,0
-2,220079.84375,Run,0
-2,221209.625,Run,0
-2,222398.8125,Run,0
-2,223628.53125,Jump,0
-2,224936.546875,Run,0
-2,227076.65625,Run,0
-2,229296.015625,Run,0
-2,230801.625,Run,0
-2,232366.375,Run,0
-2,233990.171875,Dash,0
-2,235672.859375,Run,0
-2,236042.9375,Run,0
-2,236439.4375,Run,0
-2,234248.4375,Blast,0
-2,232057.4375,Run,0
-2,229866.421875,Run,-1
-2,227675.421875,Run,-1
-2,225484.40625,Run,-1
-2,223293.40625,Run,-1
-2,221102.40625,Run,-1
-2,218911.390625,Run,-1
-2,218219.125,Run,-1
-2,217550.671875,Run,-1
-2,219222.4375,Run,-1
-2,220973.453125,Run,-1
-2,221909.15625,Jump,-2
-2,224188.328125,Burst,-2
-2,226552.5,Run,-2
-2,229004.25,Run,-2
-2,231438.671875,Jump,-2
-2,233232.21875,Dash,-2
-2,235034.09375,Run,-2
-1,235432.03125,Run,-2
-1,235432.03125,Run,-2
-1,235432.03125,Run,-2
-1,234473.59375,Run,-2
-1,233515.125,Run,-2
-1,232556.6875,Run,-2
-1,231598.21875,Run,-2
-1,230639.78125,Run,-2
-2,229681.3125,Run,-2
-2,228722.875,Run,-2
-2,227764.40625,Run,-2
-2,226805.96875,Run,-2
-2,225847.5,Run,-2
-2,224889.0625,Run,-2
-2,223930.609375,Blast,-2
-2,222972.15625,Run,-3
-2,222972.15625,Run,-3
-2,222972.15625,Run,-3
-2,222972.15625,Run,-3
-2,222972.15625,Run,-3
0,221762.09375,Run,-2
0,220553.40625,Run,-2
0,219344.734375,Run,-2
0,218136.0625,Run,-2
0,216927.375,Run,-2
0,215718.71875,Run,-2
0,214510.03125,Run,-2
0,213301.359375,Run,-2
1,212848.34375,Run,-2
1,212663.46875,Run,-2
1,212557.84375,Run,-2
1,212531.4375,Run,-2
1,212584.25,Run,-2
1,212716.3125,Run,-2
1,212927.625,Run,-2
1,213218.140625,Run,-2
-2,212694.84375,Run,-2
-2,211819.3125,Run,-2
-2,210943.0625,Run,-2
-2,210065.828125,Run,-2
-2,209188.8125,Run,-2
-2,208312.03125,Run,-2
-2,207435.5,Run,-3
-2,208050.0,Run,-3
-2,208624.828125,Dash,-3
-2,210530.1875,Run,-3
-2,212527.65625,Run,-3
-2,214617.25,Jump,-3
-2,216798.953125,Jump,-3
-2,219072.78125,Jump,-3
-2,220545.53125,Run,-3
-2,221800.5,Dash,-3
-2,221155.125,Jump,-3
-2,219811.90625,Run,-3
-2,218415.9375,Jump,-3
-2,216967.1875,Run,-3
1,214314.125,Run,-3
8,211661.078125,Melee,-3
8,210106.78125,Melee,-3
8,208499.6875,Burst,-4
8,206839.84375,Burst,-4
8,205127.203125,Burst,-4
8,203361.78125,Melee,-4
8,201540.40625,Melee,-4
8,199672.09375,Melee,-4
8,197748.375,Melee,-4
8,198741.625,Melee,-4
8,199814.125,Melee,-4
8,200962.78125,Melee,-4
8,202196.234375,Melee,-4
8,202592.40625,Melee,-4
8,203067.8125,Melee,-4
8,203327.78125,Melee,-4
8,203327.78125,Melee,-4
8,203327.78125,Melee,-4
8,203327.78125,Melee,-4
8,203327.78125,Melee,-4
8,203327.78125,Melee,-4
8,203327.78125,Melee,-4
8,203327.78125,Melee,-4
8,203327.78125,Melee,-4
8,203327.78125,Melee,-4
8,203327.78125,Melee,-4
8,203327.78125,Melee,-4
8,203327.78125,Melee,-4
8,202413.75,Run,-4
8,201498.15625,Run,-4
8,200585.390625,Run,-4
1,200585.390625,Run,-4
1,200585.390625,Run,-4
1,199671.359375,Dash,-4
1,198757.328125,Run,-4
8,197843.296875,Run,-4
8,196929.265625,Run,-4
8,196015.25,Run,-4
8,195101.21875,Run,-5
8,193157.6875,Run,-5
8,191237.6875,Run,-5
8,189330.15625,Run,-5
8,187441.96875,Run,-5
8,185566.28125,Run,-5
8,183705.40625,Run,-5
8,181859.28125,Melee,-5
8,180590.15625,Melee,-5
8,179548.03125,Melee,-5
8,178582.546875,Burst,-5
8,177696.28125,Melee,-5
8,176889.28125,Melee,-5
8,176159.09375,Burst,-5
8,175513.109375,Melee,-5
8,174943.78125,Melee,-5
8,174453.703125,Melee,-5
8,174042.84375,Melee,-5
8,173709.46875,Melee,-5
8,173233.6875,Melee,-5
8,172372.90625,Dash,-5
8,171512.125,Dash,-5
8,170651.375,Run,-5
8,169789.359375,Run,-5
8,168930.0625,Melee,-5
8,168069.25,Melee,-5
8,167208.484375,Melee,-5
8,166347.71875,Melee,-5
8,165486.1875,Melee,-5
1,165486.1875,Melee,-5
-2,165486.1875,Melee,-5
-2,164625.40625,Melee,-5
-2,163764.640625,Melee,-5
-2,162903.875,Melee,-5
-2,162043.09375,Melee,-5
-2,161182.328125,Run,-5
-2,160321.5625,Run,-5
-1,159460.78125,Run,-5
8,159460.78125,Run,-5
8,159460.78125,Run,-5
8,158398.03125,Run,-5
8,158473.609375,Run,-5
8,158688.265625,Run,-5
8,159310.21875,Run,-6
8,160312.390625,Run,-6
8,161329.125,Run,-6
8,162360.40625,Run,-6
8,163406.328125,Melee,-6
8,164466.703125,Melee,-6
8,165541.625,Melee,-6
8,166631.109375,Melee,-6
8,167266.40625,Melee,-6
8,167865.0625,Melee,-6
8,168543.28125,Melee,-6
8,169300.53125,Melee,-6
8,170137.03125,Melee,-6
8,171052.75,Burst,-6
8,172047.03125,Burst,-6
8,173122.21875,Melee,-6
8,173381.265625,Melee,-6
8,173719.53125,Melee,-6
8,174137.03125,Melee,-6
8,174633.78125,Melee,-6
8,175209.75,Melee,-6
8,175864.9375,Melee,-6
8,176599.375,Melee,-6
8,177413.0625,Melee,-6
8,178305.96875,Melee,-6
8,178757.859375,Melee,-6
1,178757.859375,Melee,-6
1,178757.859375,Run,-6
1,179652.25,Run,-6
-2,180546.625,Run,-6
-2,181441.0,Run,-6
-2,182335.390625,Run,-6
-2,183229.765625,Run,-6
-2,184124.15625,Run,-6
-2,185018.53125,Dash,-6
-1,185912.90625,Melee,-6
-1,185912.90625,Melee,-6
-1,185912.90625,Melee,-6
1,185912.90625,Melee,-6
1,185912.90625,Melee,-6
1,185018.53125,Melee,-6
1,184124.15625,Melee,-6
1,183229.765625,Melee,-6
1,182335.390625,Melee,-6
1,181441.0,Run,-6
5,180546.625,Run,-6
5,180546.625,Run,-7
5,180297.5,Run,-7
5,180146.53125,Run,-7
5,180074.8125,Run,-7
5,180082.3125,Run,-7
5,180169.046875,Run,-7
5,180335.03125,Run,-7
5,180547.65625,Run,-7
5,180547.65625,Run,-7
1,180547.65625,Run,-7
1,180547.65625,Run,-7
5,179653.28125,Run,-7
5,179653.28125,Run,-8
5,179653.28125,Run,-8
5,179653.28125,Run,-8
5,179653.28125,Run,-8
5,179653.28125,Run,-8
5,179653.28125,Run,-8
5,179653.28125,Run,-8
5,179653.28125,Run,-8
5,179653.28125,Run,-8
1,179653.28125,Run,-8
-2,179653.28125,Run,-8
-2,178758.90625,Run,-8
-1,177864.515625,Jump,-8
1,177864.515625,Dash,-8
1,177864.515625,Run,-8
1,178758.90625,Run,-8
1,179653.28125,Run,-8
-2,180547.65625,Run,-8
-2,181442.046875,Run,-8
-2,182336.4375,Run,-8
-2,183230.8125,Jump,-8
-2,184125.1875,Run,-8
-2,185019.5625,Run,-8
-2,185913.953125,Melee,-8
-2,186808.34375,Melee,-8
-2,187702.71875,Melee,-8
-2,188597.09375,Melee,-8
-2,189491.484375,Melee,-8
-2,190385.875,Melee,-8
-2,191280.25,Melee,-8
1,192174.625,Melee,-8
1,191280.25,Melee,-8
1,190385.875,Run,-8
1,189491.484375,Run,-8
1,188597.09375,Melee,-8
1,187702.71875,Melee,-8
1,186808.34375,Melee,-8
1,185913.953125,Melee,-8
1,185019.5625,Melee,-8
1,184125.1875,Melee,-8
1,183230.8125,Melee,-8
1,182336.4375,Melee,-8
1,181442.046875,Dash,-8
1,180547.65625,Run,-8
-1,179653.28125,Run,-8
-1,179653.28125,Dash,-8
-1,179653.28125,Run,-8
-1,179653.28125,Dash,-8
1,179653.28125,Run,-8
1,179653.28125,Run,-8
-2,180547.65625,Run,-8
-2,181442.046875,Run,-8
-2,182336.4375,Run,-8
-2,183230.8125,Run,-8
-2,184125.1875,Run,-8
-2,185019.5625,Run,-8
-2,185913.953125,Melee,-8
-2,186808.34375,Melee,-8
-2,187702.71875,Melee,-8
-2,188597.09375,Melee,-8
-2,189491.484375,Melee,-8
-2,190385.875,Melee,-8
-2,191280.25,Melee,-8
-2,192174.625,Melee,-8
-2,193069.015625,Melee,-8
-2,193963.40625,Run,-8
-2,194857.78125,Run,-8
-2,195752.15625,Run,-8
1,196646.546875,Run,-8
1,195752.15625,Burst,-8
1,194857.78125,Dash,-8
1,193963.40625,Dash,-8
1,193069.015625,Jump,-8
1,192174.625,Dash,-8
1,191280.25,Dash,-8
1,190385.875,Dash,-8
1,189491.484375,Dash,-8
1,188597.09375,Melee,-8
1,187702.71875,Melee,-8
1,186808.34375,Melee,-8
1,185913.953125,Melee,-8
1,185019.5625,Melee,-8
1,184125.1875,Melee,-8
1,183230.8125,Melee,-8
1,182336.4375,Melee,-8
1,181442.046875,Dash,-8
-1,180547.65625,Jump,-8
-1,180547.65625,Run,-8
-1,180547.65625,Dash,-8
1,180547.65625,Run,-8
-2,180547.65625,Run,-8
-2,181442.046875,Run,-8
-2,182336.4375,Burst,-8
-2,183230.8125,Run,-8
-2,184125.1875,Run,-8
-2,185019.5625,Dash,-8
-2,185913.953125,Melee,-8
-2,186808.34375,Melee,-8
-2,187702.71875,Melee,-8
-2,188597.09375,Melee,-8
1,189491.484375,Melee,-8
1,188597.09375,Melee,-8
1,187702.71875,Melee,-8
1,186808.34375,Burst,-8
1,185913.953125,Melee,-8
1,185019.5625,Melee,-8
1,184125.1875,Melee,-8
1,183230.8125,Melee,-8
1,182336.4375,Melee,-8
1,181442.046875,Burst,-8
1,180547.65625,Run,-8
-2,179653.28125,Run,-8
-1,178758.90625,Run,-8
-1,178758.90625,Run,-8
-1,178758.90625,Dash,-8
-1,178758.90625,Run,-8
1,178758.90625,Run,-8
1,178758.90625,Run,-8
1,179653.28125,Dash,-8
-2,180547.65625,Dash,-8
-2,181442.046875,Run,-8
-1,182336.4375,Jump,-8
1,182336.4375,Dash,-8
1,182336.4375,Run,-8
1,181442.046875,Burst,-8
1,180547.65625,Jump,-8
-2,179653.28125,Run,-8
-2,178758.90625,Run,-8
-2,177864.515625,Dash,-8
-2,176970.125,Run,-8
-2,176075.75,Dash,-8
-2,175181.375,Melee,-8
-2,174286.984375,Melee,-8
-2,173392.59375,Melee,-8
-2,172498.21875,Burst,-8
-1,171603.828125,Burst,-8
-1,171603.828125,Burst,-8
-1,171603.828125,Melee,-8
-1,171603.828125,Melee,-8
-1,171603.828125,Melee,-8
1,171603.828125,Melee,-8
1,171603.828125,Burst,-8
1,172498.21875,Melee,-8
1,173392.59375,Melee,-8
1,174286.984375,Melee,-8
1,175181.375,Melee,-8
1,176075.75,Melee,-8
1,176970.125,Burst,-8
1,177864.515625,Melee,-8
1,178758.90625,Melee,-8
1,179653.28125,Run,-8
-2,180547.65625,Dash,-8
-2,181442.046875,Blast,-8
-2,182336.4375,Dash,-8
-2,183230.8125,Burst,-8
-2,184125.1875,Run,-8
-2,185019.5625,Run,-8
-2,185913.953125,Run,-8
-2,186808.34375,Run,-8
-2,187702.71875,Run,-8
-2,188597.09375,Run,-8
-2,189491.484375,Run,-8
-2,190385.875,Burst,-8
-2,191280.25,Melee,-8
-2,192174.625,Melee,-8
-2,193069.015625,Melee,-8
-2,193963.40625,Run,-8
-2,194857.78125,Run,-8
-2,195752.15625,Run,-8
-2,196646.546875,Run,-8
-2,197540.9375,Run,-8
-2,198435.3125,Run,-8
-2,199329.6875,Run,-8
-2,200224.078125,Run,-8
-2,201118.46875,Dash,-8
-2,202012.84375,Run,-8
-2,202907.21875,Run,-8
-2,203801.609375,Run,-8
-2,204696.0,Run,-8
-2,205590.375,Dash,-8
-2,206484.75,Run,-8
-2,207379.140625,Run,-8
-2,208273.53125,Run,-8
-2,209167.90625,Run,-8
-2,210062.28125,Run,-8
-2,210956.671875,Run,-8
-2,211851.0625,Run,-8
-2,212745.4375,Run,-8
-2,213639.8125,Run,-8
-2,214534.203125,Run,-8
-2,215428.59375,Run,-8
-2,216322.96875,Run,-8
-2,217217.34375,Dash,-8
-2,218111.734375,Blast,-8
-2,219006.125,Run,-8
-2,219900.5,Run,-8
-2,220794.875,Run,-8
-2,221689.265625,Dash,-8
-2,222583.65625,Run,-8
-2,223478.03125,Dash,-8
-2,224372.40625,Run,-8
-2,225266.78125,Run,-8
-2,226161.171875,Run,-8
-2,227055.5625,Blast,-8
-1,227947.21875,Run,-8
-1,227947.21875,Run,-8
-1,227947.21875,Run,-8
-1,227947.21875,Run,-8
-1,227947.21875,Run,-8
-1,227947.21875,Run,-8
-1,227947.21875,Run,-8
-1,227947.21875,Run,-8
-1,227947.21875,Run,-8
-1,227947.21875,Run,-8
-1,227947.21875,Dash,-8
-1,227947.21875,Dash,-8
-1,227947.21875,Dash,-8
-1,227947.21875,Run,-8
-1,227947.21875,Run,-8
-1,227947.21875,Blast,-8
-1,227947.21875,Run,-8
-1,227947.21875,Run,-8
-1,227947.21875,Run,-8
-1,227947.21875,Run,-8
-1,227947.21875,Run,-8
-1,227947.21875,Run,-8
-1,227947.21875,Run,-8
-1,227947.21875,Blast,-8
-1,227947.21875,Run,-8
-1,227947.21875,Dash,-8
-1,227947.21875,Run,-8
-1,227947.21875,Run,-8
-1,227947.21875,Run,-8
-1,227947.21875,Run,-8
-1,227947.21875,Run,-8
-1,227947.21875,Run,-8
-1,227947.21875,Run,-8
-1,227947.21875,Run,-8
-1,227947.21875,Run,-8
-1,227947.21875,Run,-8
-1,227947.21875,Run,-8
-1,227947.21875,Run,-8
-1,227947.21875,Run,-8
-1,227947.21875,Dash,-8
-1,227947.21875,Dash,-8
-1,227947.21875,Dash,-8
-1,227947.21875,Run,-8
-1,227947.21875,Run,-8
-1,227947.21875,Run,-8
-1,227947.21875,Run,-8
-1,227947.21875,Run,-8
-1,227947.21875,Run,-8
-1,227947.21875,Run,-8
-1,227947.21875,Run,-8
-1,227947.21875,Run,-8
-1,227947.21875,Run,-8
-1,227947.21875,Run,-8
-1,227947.21875,Run,-8
-1,227947.21875,Run,-8
-1,227947.21875,Dash,-8
-1,227947.21875,Run,-8
-1,227947.21875,Run,-8
-1,227947.21875,Run,-8
-1,227947.21875,Run,-8
-1,227947.21875,Run,-8
-1,227947.21875,Run,-8
-1,227947.21875,Run,-8
-1,227947.21875,Run,-8
-1,227947.21875,Run,-8
-1,227947.21875,Run,-8
-1,227947.21875,Run,-8
-1,227947.21875,Dash,-8
-1,227947.21875,Run,-8
-1,227947.21875,Run,-8
-1,227947.21875,Run,-8
-1,227947.21875,Run,-8
-1,227947.21875,Dash,-8
-1,227947.21875,Run,-8
-1,227947.21875,Run,-8
-1,227947.21875,Dash,-8
-1,227947.21875,Run,-8
-1,227947.21875,Run,-8
-1,227947.21875,Run,-8
-1,227947.21875,Run,-8
-1,227947.21875,Run,-8
-1,227947.21875,Dash,-8
-1,227947.21875,Run,-8
-1,227947.21875,Run,-8
-1,227947.21875,Run,-8
-1,227947.21875,Run,-8
-1,227947.21875,Run,-8
-1,227947.21875,Run,-8
-1,227947.21875,Run,-8
-1,227947.21875,Dash,-8
-1,227947.21875,Run,-8
-1,227947.21875,Dash,-8
-1,227947.21875,Run,-8
-1,227947.21875,Dash,-8
-1,227947.21875,Run,-8
-1,227947.21875,Run,-8
-1,214369.0,Run,-8
-1,214369.0,Run,-8
-1,214369.0,Run,-8
-1,214369.0,Blast,-8
-1,213751.5,Run,-8
-1,213751.5,Run,-8
-1,213751.5,Run,-8
-1,213751.5,Run,-8
-1,213751.5,Run,-8
-1,213751.5,Run,-8
-1,213751.5,Run,-8
-1,213751.5,Run,-8
-1,213751.5,Run,-8
-1,213751.5,Run,-8
-1,213751.5,Run,-8
-1,213751.5,Run,-8
-1,213751.5,Dash,-8
-1,213751.5,Run,-8
-1,213751.5,Run,-8
-1,213751.5,Run,-8
-1,213751.5,Run,-8
-1,213751.5,Run,-8
-1,213751.5,Run,-8
-2,213751.5,Run,-8
-2,213751.5,Run,-8
-2,213134.0,Run,-8
-2,212516.484375,Run,-8
-2,211898.984375,Dash,-8
-2,211281.46875,Run,-8
-2,209656.484375,Dash,-8
-2,208010.53125,Run,-8
-2,206385.53125,Run,-8
-2,204760.53125,Run,-8
-2,203135.53125,Run,-8
-2,201510.546875,Run,-8
-2,199885.53125,Dash,-8
-2,198260.53125,Run,-8
-2,196635.53125,Run,-8
-2,195010.53125,Dash,-8
-2,193385.53125,Run,-8
-2,191760.53125,Run,-8
-2,193222.0625,Run,-8
1,193222.0625,Run,-8
1,192594.546875,Dash,-8
-2,191525.0625,Dash,-8
-2,190887.671875,Run,-9
-2,190795.40625,Dash,-9
-2,190703.15625,Run,-9
-2,190610.90625,Run,-9
-2,190518.640625,Run,-9
-2,190426.375,Run,-9
-2,190334.125,Run,-9
-2,190241.875,Run,-9
-2,189806.1875,Run,-9
-2,188728.09375,Run,-9
-2,187729.375,Run,-9
-2,186810.171875,Run,-9
-2,185970.4375,Run,-9
-2,185210.125,Run,-9
-2,184529.21875,Run,-9
-2,185358.78125,Burst,-9
-2,186247.640625,Run,-9
-2,187669.65625,Jump,-9
-2,189090.75,Run,-9
1,189090.75,Run,-9
1,189090.75,Run,-9
1,190511.890625,Burst,-9
-2,191933.03125,Dash,-9
-2,191933.03125,Run,-9
-2,191933.03125,Run,-9
-2,191933.03125,Run,-9
-2,191933.03125,Run,-9
-2,191933.03125,Dash,-9
-2,191933.03125,Run,-9
-2,191933.03125,Run,-9
-2,193354.171875,Run,-9
-2,194775.703125,Run,-9
-2,196196.828125,Run,-9
-2,197617.96875,Run,-9
-2,199039.109375,Jump,-9
-2,200460.25,Dash,-9
-2,201881.6875,Burst,-9
-2,203302.828125,Run,-9
-2,204723.96875,Dash,-9
-2,206145.09375,Dash,-9
-2,207566.25,Dash,-9
1,207566.25,Burst,-9
1,207566.25,Run,-9
1,208987.375,Run,-9
1,210408.515625,Dash,-9
1,211829.65625,Jump,-9
1,213250.78125,Dash,-9
1,214671.90625,Run,-9
1,216093.046875,Run,-9
1,216722.796875,Dash,-9
1,217412.3125,Run,-9
1,216449.640625,Run,-9
1,215434.1875,Burst,-9
1,214365.96875,Run,-9
1,213244.96875,Run,-9
1,212071.203125,Run,-9
1,210844.65625,Run,-9
1,209565.3125,Run,-9
1,208233.21875,Run,-9
3,206848.328125,Run,-9
3,207266.375,Dash,-9
3,207545.53125,Dash,-9
3,208892.65625,Dash,-9
3,211770.75,Melee,-9
3,214721.46875,Melee,-9
-3,217765.03125,Melee,-9
-3,220886.65625,Melee,-9
-3,224087.484375,Melee,-9
-3,227367.5625,Melee,-9
-3,230726.859375,Melee,-9
-3,234165.40625,Melee,-9
-3,237683.1875,Melee,-9
1,238396.28125,Melee,-9
-1,239188.625,Run,-9
-1,240060.1875,Dash,-9
5,241011.0,Run,-9
5,242009.84375,Run,-9
5,242009.84375,Run,-9
5,242009.84375,Run,-9
5,242009.84375,Run,-9
5,242009.84375,Run,-9
5,242009.84375,Run,-9
5,242009.84375,Run,-9
5,242009.84375,Run,-9
5,242009.84375,Run,-9
5,242009.84375,Run,-9
1,242009.84375,Run,-9
8,242009.84375,Run,-9
8,240913.953125,Run,-9
8,239818.078125,Burst,-9
8,238722.078125,Burst,-9
8,237626.390625,Burst,-9
8,236530.515625,Dash,-9
8,235434.625,Jump,-9
8,234338.75,Dash,-9
8,233242.875,Run,-10
8,230986.109375,Jump,-10
8,228754.0625,Run,-10
8,226536.8125,Run,-10
8,224334.34375,Run,-10
8,222146.625,Melee,-10
8,219973.34375,Melee,-10
8,217815.1875,Melee,-10
8,215671.8125,Melee,-10
8,214206.21875,Melee,-10
8,212987.0625,Melee,-10
8,211846.6875,Melee,-10
8,210786.0,Melee,-10
8,209804.546875,Melee,-10
8,208902.34375,Melee,-10
8,208079.375,Melee,-10
8,207335.015625,Melee,-10
8,206670.5,Run,-10
8,206085.21875,Run,-10
8,205579.1875,Run,-10
8,205152.375,Run,-10
8,204153.5,Dash,-10
8,203118.25,Dash,-10
8,202083.015625,Dash,-10
1,202083.015625,Dash,-10
-2,202083.015625,Dash,-10
-2,201047.78125,Dash,-10
-2,200012.5625,Dash,-10
-2,198977.34375,Dash,-10
-2,197942.09375,Melee,-10
-2,196906.875,Melee,-10
8,195871.65625,Melee,-10
8,194836.421875,Melee,-10
8,193800.46875,Melee,-10
8,192765.40625,Melee,-10
8,191730.171875,Melee,-10
8,190694.9375,Melee,-10
8,191730.171875,Dash,-10
8,192765.40625,Dash,-10
8,193800.625,Run,-10
8,194834.3125,Dash,-11
8,196292.140625,Jump,-11
8,197760.0,Jump,-11
8,199242.6875,Run,-11
8,200740.140625,Run,-11
8,202251.359375,Melee,-11
8,203778.984375,Melee,-11
8,205320.75,Melee,-11
8,206877.3125,Melee,-11
8,207856.625,Burst,-11
8,208767.96875,Melee,-11
8,209759.5625,Melee,-11
8,210830.03125,Melee,-11
8,211979.75,Burst,-11
8,213208.703125,Burst,-11
8,214516.71875,Melee,-11
8,215904.234375,Burst,-11
8,217370.84375,Jump,-11
8,217820.84375,Jump,-11
8,218350.0625,Jump,-11
8,218958.53125,Jump,-11
8,218993.453125,Jump,-11
-1,218993.453125,Jump,-11
-1,218993.453125,Run,-11
1,218993.453125,Run,-11
-2,218993.453125,Dash,-11
-1,217897.5625,Jump,-11
1,217897.5625,Run,-11
1,217897.5625,Dash,-11
-2,218993.453125,Dash,-11
-2,218993.453125,Dash,-11
-2,218993.453125,Dash,-11
-2,218993.453125,Dash,-11
-2,218993.453125,Dash,-11
-2,218993.453125,Dash,-11
-2,218993.453125,Dash,-11
-2,218993.453125,Dash,-11
-2,217897.5625,Dash,-11
-2,216801.6875,Dash,-11
-2,215705.1875,Dash,-11
-2,214609.28125,Dash,-11
-2,213513.40625,Melee,-11
-2,209721.765625,Melee,-11
-2,205982.90625,Jump,-11
-2,202296.234375,Dash,-11
-2,199653.28125,Dash,-11
-2,197010.3125,Dash,-11
-2,195283.65625,Melee,-11
1,192614.3125,Melee,-11
-2,189942.296875,Melee,-11
-2,188131.34375,Run,-11
-2,186267.609375,Run,-11
-2,184351.09375,Run,-11
-2,182381.8125,Run,-11
-2,183161.03125,Run,-11
-2,183937.875,Run,-11
-1,185801.625,Dash,-11
8,186886.1875,Run,-11
8,187970.71875,Run,-11
8,189055.265625,Run,-11
8,190139.8125,Run,-11
8,191224.34375,Run,-11
8,192308.875,Run,-11
8,193393.40625,Run,-11
8,194477.953125,Run,-11
8,195562.5,Run,-11
8,196647.03125,Run,-11
8,197731.5625,Run,-11
8,198816.109375,Run,-11
8,199900.640625,Run,-11
8,200985.1875,Run,-11
8,201132.796875,Run,-11
8,201257.625,Dash,-12
8,199266.0,Run,-12
8,197289.875,Burst,-12
8,195328.53125,Melee,-12
8,193381.953125,Melee,-12
8,191450.15625,Melee,-12
8,189532.59375,Melee,-12
8,187630.359375,Melee,-12
8,185742.90625,Melee,-12
8,184444.5,Melee,-12
8,183370.390625,Melee,-12
8,182375.046875,Melee,-12
8,181459.375,Melee,-12
8,180622.96875,Melee,-12
8,179865.78125,Melee,-12
8,179187.84375,Melee,-12
1,179478.21875,Melee,-12
1,179847.84375,Run,-12
1,179407.59375,Run,-12
1,179046.578125,Dash,-12
-2,178764.796875,Run,-12
-2,177954.8125,Run,-12
-2,177065.71875,Run,-12
8,176176.625,Jump,-12
8,175287.53125,Jump,-12
8,175287.53125,Melee,-12
8,175287.53125,Melee,-12
8,175287.53125,Melee,-12
8,175287.53125,Melee,-12
8,175287.53125,Melee,-12
8,175287.53125,Melee,-12
8,175287.53125,Melee,-12
8,175287.53125,Melee,-12
8,176176.625,Melee,-13
8,177063.890625,Melee,-13
8,177954.375,Melee,-13
8,178843.46875,Jump,-13
8,179732.578125,Jump,-13
8,180621.6875,Jump,-13
8,181509.34375,Dash,-13
8,182399.46875,Run,-13
8,182399.46875,Run,-13
8,182399.46875,Melee,-13
8,182424.34375,Run,-14
8,181245.0,Run,-14
8,180166.390625,Run,-14
8,179166.890625,Run,-14
8,178246.625,Jump,-14
8,177405.59375,Jump,-14
8,178442.03125,Dash,-15
8,179557.71875,Melee,-15
8,180625.546875,Jump,-15
8,181524.671875,Jump,-15
8,182422.375,Jump,-15
1,182422.375,Burst,-15
-1,182422.375,Dash,-15
1,182422.375,Run,-15
1,182422.375,Run,-15
1,181523.25,Run,-15
-2,180624.125,Run,-15
8,179725.0,Run,-15
8,178825.875,Burst,-15
8,177927.75,Dash,-15
8,177927.75,Dash,-15
8,178826.859375,Melee,-16
8,179725.984375,Melee,-16
8,180625.109375,Run,-16
8,181524.234375,Run,-16
8,182421.9375,Run,-16
8,183322.0625,Run,-16
8,183322.0625,Run,-16
8,183322.0625,Run,-16
8,183322.0625,Run,-16
8,183322.0625,Run,-16
8,183322.0625,Run,-16
8,183322.0625,Run,-16
8,184221.1875,Run,-16
8,185120.3125,Run,-16
8,186019.4375,Melee,-16
8,186917.625,Melee,-16
8,187817.359375,Melee,-16
8,188716.46875,Melee,-16
8,188716.46875,Melee,-16
8,187817.34375,Melee,-17
8,186918.21875,Melee,-17
8,186018.640625,Melee,-17
8,185119.484375,Melee,-17
8,184220.359375,Melee,-17
8,183321.234375,Melee,-17
8,182422.109375,Melee,-17
8,182422.109375,Melee,-17
8,182422.109375,Melee,-17
1,182422.109375,Run,-17
-2,182422.109375,Dash,-17
-2,183321.234375,Burst,-17
-2,184220.359375,Dash,-17
-2,185119.484375,Run,-17
-2,186018.609375,Melee,-17
-1,186917.734375,Melee,-17
-1,186917.734375,Melee,-17
1,186917.734375,Melee,-17
1,186917.734375,Melee,-17
1,186018.609375,Melee,-17
1,185119.484375,Melee,-17
1,184220.359375,Melee,-17
1,183321.234375,Melee,-17
1,182422.109375,Melee,-17
1,181522.984375,Dash,-17
-2,180623.859375,Run,-17
-2,179724.71875,Run,-17
-2,178825.59375,Run,-17
-2,177926.46875,Burst,-17
-2,177027.34375,Run,-17
-2,176128.21875,Melee,-17
-3,175229.09375,Melee,-17
-3,172862.96875,Melee,-17
-3,170496.84375,Melee,-17
-3,168130.71875,Melee,-17
-3,165764.59375,Melee,-17
-3,163398.46875,Melee,-17
-3,161032.34375,Melee,-17
-3,158666.21875,Melee,-17
-3,156300.09375,Melee,-17
-3,153933.96875,Melee,-17
-3,151567.84375,Melee,-17
-3,149201.71875,Run,-17
-3,146835.59375,Run,-17
1,146835.59375,Run,-17
-2,146835.59375,Run,-17
-2,145936.46875,Run,-17
-2,145034.625,Dash,-17
-2,144135.5,Dash,-17
-2,143236.375,Run,-17
-2,142337.25,Run,-17
-2,141438.109375,Run,-17
-2,140538.984375,Run,-17
-2,139639.84375,Run,-17
-2,138740.71875,Run,-17
-2,137841.59375,Run,-17
-1,136942.46875,Dash,-17
-1,134140.9375,Run,-17
-1,131419.0625,Blast,-17
-1,128776.453125,Run,-17
-1,126213.0703125,Blast,-17
-1,123728.953125,Run,-17
-1,121324.078125,Jump,-17
-1,118998.453125,Jump,-17
-1,116752.078125,Run,-17
-1,115726.15625,Jump,-17
-1,114779.4765625,Run,-17
-1,113912.0546875,Run,-17
-1,113607.5,Run,-17
-1,114030.1640625,Run,-17
2,114452.8359375,Run,-17
2,113118.71875,Run,-17
2,111863.8359375,Run,-17
2,110688.2109375,Jump,-17
2,109591.8359375,Run,-17
2,108574.7109375,Jump,-17
2,107636.84375,Run,-17
1,106778.2109375,Run,-17
1,107211.359375,Jump,-17
1,107723.75,Blast,-17
-1,108315.390625,Run,-17
-1,107519.2890625,Blast,-17
-1,104718.171875,Run,-17
-1,101996.296875,Dash,-17
-1,99353.671875,Run,-17
-1,96790.3046875,Jump,-17
-1,94306.1796875,Jump,-17
-1,92516.4921875,Jump,-17
-1,91090.0,Jump,-17
-1,89742.7578125,Jump,-17
-1,89615.9609375,Run,-17
-1,89568.40625,Run,-17
-1,89991.078125,Run,-17
2,90413.734375,Run,-17
2,89079.6171875,Jump,-17
2,87824.7421875,Run,-17
2,86649.1171875,Dash,-17
2,85552.7421875,Run,-17
2,84535.6171875,Jump,-17
2,83597.7421875,Jump,-17
2,82739.1171875,Run,-17
1,81959.7421875,Jump,-17
1,82400.8125,Run,-17
-1,82921.1328125,Jump,-17
-1,82053.7109375,Run,-17
-1,81265.5390625,Jump,-17
-1,78464.4140625,Jump,-17
-1,75742.5390625,Dash,-17
-1,73099.921875,Jump,-17
-1,70536.546875,Run,-17
-1,68667.609375,Jump,-17
-1,67161.65625,Run,-17
-1,65735.1640625,Run,-17
-1,65600.4375,Jump,-17
-1,65544.96875,Dash,-17
-1,65967.625,Run,-17
-1,66390.296875,Run,-17
-1,65056.171875,Jump,-17
-1,63801.296875,Run,-17
-1,62625.671875,Run,-17
-1,61529.296875,Dash,-17
-1,60512.171875,Run,-17
-1,59574.296875,Run,-17
-1,58715.671875,Run,-17
1,57936.296875,Run,-17
-1,58377.3671875,Jump,-17
-1,57430.6875,Run,-17
-1,56563.26171875,Run,-17
-1,55775.0859375,Run,-17
-1,55066.15625,Run,-17
-1,54436.4765625,Run,-17
-1,54243.9453125,Run,-17
-1,54666.609375,Run,-17
-1,55089.27734375,Run,-17
-1,55511.9453125,Run,-17
-1,55934.609375,Run,-17
-1,56357.27734375,Run,-17
-1,56779.9453125,Run,-17
-1,57202.609375,Run,-17
-1,57625.2734375,Run,-17
-1,58047.94140625,Run,-17
-1,58470.609375,Run,-17
-1,58893.2734375,Run,-17
-1,59315.94140625,Dash,-17
-1,59738.60546875,Run,-17
-1,60161.2734375,Run,-17
-1,60583.9375,Dash,-17
-1,61006.60546875,Run,-17
-1,61429.2734375,Run,-17
-1,61851.9375,Run,-17
-1,62274.60546875,Run,-17
-1,62697.26953125,Run,-17
-1,63119.9375,Run,-17
-1,63542.6015625,Run,-17
-1,63965.26953125,Run,-17
-1,64387.93359375,Run,-17
-1,64810.6015625,Run,-17
-1,65233.26953125,Run,-17
-1,65655.9375,Dash,-17
-1,66078.6015625,Dash,-17
-1,66501.265625,Run,-17
-1,66923.9296875,Run,-17
-1,67346.59375,Run,-17
-1,67769.2578125,Run,-17
-1,68191.921875,Run,-17
-1,68614.5859375,Run,-17
-1,69037.25,Run,-17
-1,69459.9140625,Run,-17
-1,69882.578125,Run,-17
-1,70305.2421875,Run,-17
-1,70727.90625,Dash,-17
-1,71150.5703125,Run,-17
-1,71573.234375,Run,-17
-1,71995.8984375,Run,-17
-1,72418.5625,Run,-17
-1,72841.21875,Dash,-17
-1,73263.890625,Dash,-17
-1,73686.546875,Run,-17
-1,74109.21875,Run,-17
-1,74531.875,Run,-17
-1,74954.546875,Run,-17
-1,75377.203125,Run,-17
-1,75799.875,Dash,-17
-1,76222.53125,Dash,-17
-1,76645.203125,Dash,-17
-1,77067.859375,Run,-17
-1,77490.53125,Run,-17
-1,77913.1875,Run,-17
-1,78335.859375,Run,-17
-1,78758.515625,Run,-17
-1,79181.1875,Dash,-17
-1,79603.84375,Run,-17
-1,80026.5078125,Run,-17
-1,80449.171875,Dash,-17
-1,80871.8359375,Run,-17
-1,81294.5,Dash,-17
-1,81717.1640625,Run,-17
-1,82139.828125,Run,-17
-1,82562.4921875,Run,-17
-1,82985.15625,Run,-17
-1,83407.8203125,Run,-17
-1,83830.484375,Run,-17
-1,84253.1484375,Run,-17
-1,84675.8125,Run,-17
-1,85098.4765625,Dash,-17
-1,85521.140625,Run,-17
-1,85943.8046875,Dash,-17
-1,86366.46875,Run,-17
-1,86789.125,Run,-17
-1,87211.796875,Run,-17
-1,87634.453125,Run,-17
-1,88057.125,Run,-17
-1,88479.78125,Run,-17
-1,88902.453125,Run,-17
-1,89325.109375,Run,-17
-1,89747.78125,Run,-17
-1,90170.4375,Run,-17
-1,90593.109375,Dash,-17
-1,91015.765625,Run,-17
-1,91438.4296875,Dash,-17
-1,91861.09375,Run,-17
-1,92283.7578125,Run,-17
-1,92706.421875,Run,-17
-1,93129.0859375,Run,-17
-1,93551.75,Run,-17
-1,93974.4140625,Run,-17
-1,94397.078125,Run,-17
-1,94819.7421875,Run,-17
-1,95242.40625,Run,-17
-1,95665.0703125,Run,-17
-1,96087.734375,Run,-17
-1,96510.3984375,Dash,-17
-1,96933.0625,Run,-17
-1,97355.7265625,Run,-17
-1,97778.390625,Run,-17
-1,98201.0546875,Run,-17
-1,98623.71875,Dash,-17
2,99046.3828125,Run,-17
2,97712.265625,Run,-17
2,96457.3828125,Dash,-17
2,95281.7578125,Jump,-17
2,94185.390625,Run,-17
2,93168.2578125,Run,-17
2,92230.3828125,Run,-17
2,91371.7578125,Jump,-17
2,90592.3828125,Jump,-17
2,89892.2578125,Run,-17
-1,89271.3828125,Jump,-17
-1,87262.7578125,Jump,-17
-1,85333.3828125,Jump,-17
-1,83483.2578125,Run,-17
-1,81712.3828125,Run,-17
-1,80020.7578125,Dash,-17
-1,78408.3828125,Jump,-17
-1,77490.4453125,Run,-17
-1,76935.6953125,Jump,-17
-1,76460.1953125,Run,-17
-1,76063.953125,Jump,-17
-1,75746.953125,Jump,-17
-1,75509.203125,Dash,-17
-1,75350.703125,Run,-17
-1,75271.453125,Jump,-17
-1,75252.1328125,Run,-17
-1,75350.703125,Run,-17
-1,75773.359375,Run,-17
-1,76196.03125,Dash,-17
-1,76618.6875,Run,-17
-1,77041.359375,Run,-17
-1,77464.015625,Dash,-17
-1,77886.6875,Run,-17
-1,78309.34375,Run,-17
-1,78732.015625,Run,-17
-1,79154.671875,Run,-17
-1,79577.34375,Run,-17
2,80000.0,Run,-17
2,78665.875,Jump,-17
2,77411.0,Run,-17
2,76235.3828125,Run,-17
2,75139.0078125,Jump,-17
2,74121.8828125,Run,-17
2,73184.0,Run,-17
2,72325.375,Dash,-17
2,71546.0,Run,-17
2,70845.875,Jump,-17
-1,70225.0,Run,-17
-1,68216.375,Run,-17
-1,67214.2265625,Run,-17
-1,66291.328125,Run,-17
-1,65447.671875,Jump,-17
-1,64683.2734375,Run,-17
-1,63998.1171875,Dash,-17
-1,64136.7421875,Run,-17
-1,64559.40625,Run,-17
-1,64982.07421875,Run,-17
-1,65404.7421875,Run,-17
-1,65827.40625,Dash,-17
-1,66250.078125,Run,-17
-1,66672.734375,Run,-17
-1,67095.40625,Run,-17
-1,67518.0625,Run,-17
-1,214369.0,Run,-17
1,214369.0,Dash,-17
-2,214369.0,Dash,-17
-2,214118.28125,Run,-17
-2,213772.84375,Run,-17
-2,213416.5625,Run,-17
-2,213007.5,Run,-17
-2,212545.65625,Run,-17
-2,212031.03125,Run,-17
-2,211632.0,Run,-17
-1,210999.53125,Run,-17
-1,210478.9375,Run,-17
-1,209835.25,Run,-17
-1,209215.234375,Jump,-17
-1,208621.796875,Run,-17
-1,208054.9375,Run,-17
-1,205862.5,Run,-17
0,205208.5,Run,-16
0,204625.8125,Run,-16
0,204112.4375,Run,-16
0,203666.34375,Run,-16
0,203285.484375,Run,-16
0,202967.859375,Run,-16
0,202711.46875,Run,-16
0,203033.21875,Run,-16
-1,202955.15625,Run,-16
-1,200833.6875,Run,-16
1,198855.75,Run,-16
1,199134.390625,Blast,-16
1,199558.140625,Run,-17
1,200493.28125,Blast,-17
1,201520.125,Run,-17
1,202636.8125,Run,-17
1,203841.625,Run,-17
2,205132.78125,Jump,-17
2,204604.0625,Run,-17
2,204185.25,Jump,-17
2,203874.578125,Run,-17
2,203670.296875,Jump,-17
2,203101.0625,Run,-17
2,201589.953125,Jump,-17
2,201531.21875,Blast,-17
2,201596.625,Jump,-17
2,202411.84375,Run,-17
2,203364.25,Blast,-17
1,204451.1875,Run,-17
1,206591.875,Jump,-17
1,208868.703125,Jump,-17
1,211227.78125,Run,-17
1,213435.59375,Run,-17
1,215722.671875,Dash,-17
1,218089.0,Run,-17
1,220534.5625,Jump,-17
1,223059.375,Run,-17
1,225663.4375,Jump,-17
1,228346.75,Jump,-17
1,231109.3125,Run,-17
1,233951.125,Run,-17
1,236872.1875,Jump,-17
1,239872.5,Run,-17
1,242952.0625,Jump,-17
1,246110.859375,Run,-17
1,249348.921875,Run,-17
1,252666.21875,Run,-17
1,255239.046875,Run,-17
1,257871.234375,Run,-17
1,260562.8125,Run,-17
1,263313.78125,Jump,-17
1,266124.125,Run,-17
1,269867.03125,Run,-17
1,273689.21875,Jump,-17
1,276676.125,Jump,-17
-2,280646.4375,Jump,-17
0,278807.15625,Run,-16
0,276967.875,Run,-16
0,275128.625,Run,-16
0,272410.4375,Run,-16
0,269706.84375,Run,-16
0,267017.875,Run,-16
0,264343.5,Run,-16
0,261683.75,Blast,-16
1,260170.0,Run,-16
1,261820.8125,Run,-16
1,263550.875,Jump,-16
1,265360.15625,Run,-16
-2,267248.65625,Blast,-16
-2,267249.25,Run,-16
-2,267249.84375,Dash,-16
-2,267250.4375,Dash,-16
-2,267251.0,Run,-16
-2,267251.59375,Run,-16
-2,267252.1875,Run,-16
-2,267252.78125,Run,-16
-2,267253.375,Dash,-16
-2,269286.28125,Jump,-16
-2,271398.4375,Run,-16
-2,273589.78125,Run,-16
-2,275860.40625,Jump,-16
-2,276257.15625,Run,-16
-2,276733.15625,Run,-16
-2,277288.375,Run,-16
-2,277922.84375,Run,-17
-2,281163.1875,Jump,-17
-2,284494.9375,Jump,-17
-2,287918.15625,Dash,-17
-2,291432.875,Jump,-17
-2,292066.0,Run,-16
-2,292699.09375,Run,-16
-2,293332.1875,Run,-16
-2,293924.03125,Run,-16
-2,293924.03125,Run,-16
-2,293924.03125,Run,-16
-2,292955.0625,Run,-16
-2,291986.09375,Run,-16
-2,292972.625,Run,-16
-2,293955.59375,Run,-17
-2,294918.5,Dash,-17
-2,293956.5,Jump,-17
-2,293215.3125,Dash,-17
-2,292424.21875,Run,-17
-2,291578.65625,Dash,-17
-2,290680.34375,Run,-17
-2,289729.25,Dash,-17
-2,288722.84375,Jump,-17
-2,287668.09375,Run,-17
1,284827.90625,Run,-18
1,281987.6875,Dash,-18
1,280825.5,Run,-18
1,279610.53125,Jump,-18
1,278342.78125,Burst,-18
1,277022.28125,Jump,-18
1,278621.125,Run,-18
1,280219.96875,Run,-18
1,281818.8125,Run,-18
-2,283417.6875,Run,-18
-2,283417.6875,Run,-18
-2,283417.6875,Run,-18
-2,283417.6875,Dash,-18
-2,283417.6875,Run,-18
-2,283417.6875,Run,-18
-2,283417.6875,Dash,-18
-2,283417.6875,Run,-18
-2,285013.6875,Run,-18
-2,286615.15625,Run,-18
-2,288214.03125,Run,-19
-2,289918.40625,Dash,-19
-2,291635.0,Burst,-19
-2,293361.4375,Run,-19
-2,295104.4375,Run,-19
-2,296857.53125,Run,-19
-2,299062.1875,Run,-19
-2,301403.46875,Dash,-19
-2,303020.1875,Burst,-19
1,302490.8125,Burst,-19
1,302490.8125,Run,-19
1,304129.28125,Dash,-19
1,305767.75,Dash,-19
1,307406.21875,Burst,-19
1,309044.6875,Run,-19
1,310683.15625,Dash,-19
1,312321.625,Dash,-19
8,313960.09375,Dash,-19
8,315598.5625,Dash,-19
8,317238.53125,Run,-19
8,318876.1875,Run,-19
8,320515.1875,Jump,-19
8,322153.625,Dash,-19
8,323792.09375,Jump,-19
8,325430.5625,Jump,-19
8,327067.84375,Dash,-19
8,328706.90625,Run,-19
8,330345.34375,Dash,-19
8,331983.8125,Run,-19
8,333622.28125,Burst,-19
8,335260.75,Burst,-19
8,336899.5625,Run,-19
0,335702.15625,Burst,-18
0,334505.15625,Burst,-18
0,333308.1875,Burst,-18
0,332111.15625,Burst,-18
0,330914.1875,Burst,-18
0,329717.15625,Burst,-18
0,328520.1875,Burst,-18
1,328236.65625,Burst,-18
1,329894.9375,Jump,-18
1,331628.1875,Run,-18
1,333436.375,Jump,-18
1,335229.21875,Run,-18
1,336867.6875,Burst,-18
1,338506.15625,Run,-18
1,340144.625,Jump,-17
5,341783.09375,Dash,-17
5,341783.09375,Dash,-19
5,341926.125,Dash,-19
5,342211.09375,Dash,-19
5,342575.28125,Dash,-19
5,343018.71875,Dash,-19
5,343541.375,Dash,-19
5,344143.25,Dash,-19
5,344824.375,Dash,-19
5,345584.75,Dash,-19
1,346424.3125,Dash,-19
1,347343.125,Run,-19
8,350003.53125,Run,-19
8,352747.5625,Jump,-19
8,355576.96875,Run,-19
8,358488.21875,Jump,-20
8,360157.125,Jump,-20
8,361826.0625,Jump,-20
8,363495.90625,Jump,-20
8,365164.78125,Melee,-20
8,366833.71875,Melee,-20
8,368502.625,Melee,-20
8,370171.5625,Melee,-20
8,371841.5,Melee,-20
8,373510.40625,Melee,-20
8,375179.34375,Melee,-20
8,376848.28125,Run,-20
8,378517.21875,Run,-20
8,380187.15625,Run,-20
8,381856.0625,Jump,-20
8,383525.0,Burst,-20
8,385193.9375,Burst,-20
8,386862.875,Burst,-20
8,388532.65625,Burst,-20
8,390201.5625,Melee,-20
8,391870.5,Melee,-20
8,393539.4375,Melee,-20
8,395208.375,Melee,-20
8,396877.90625,Melee,-20
8,398547.09375,Melee,-20
8,400216.03125,Melee,-20
8,401884.96875,Melee,-20
8,403553.90625,Melee,-20
1,403553.90625,Melee,-20
-1,403553.90625,Run,-20
-1,403553.90625,Run,-20
1,403553.90625,Dash,-20
1,403553.90625,Run,-20
1,401884.96875,Jump,-20
1,400216.03125,Jump,-20
1,398547.09375,Dash,-20
1,396878.15625,Dash,-20
1,395209.21875,Burst,-20
1,393540.28125,Burst,-20
1,391871.34375,Melee,-20
1,390202.40625,Melee,-20
1,388533.46875,Melee,-20
1,386864.53125,Melee,-20
1,385195.59375,Melee,-20
1,383526.65625,Melee,-20
1,381857.71875,Melee,-20
1,380188.78125,Dash,-20
1,378519.84375,Run,-20
-2,376850.90625,Dash,-20
-3,375181.96875,Run,-20
-3,370790.0625,Run,-20
-3,366398.125,Run,-20
-3,362006.21875,Melee,-20
-3,357611.625,Melee,-20
-3,353219.6875,Melee,-20
-3,348827.75,Melee,-20
-3,344435.84375,Melee,-20
-3,340043.9375,Melee,-20
-3,335652.0,Melee,-20
-3,331260.0625,Melee,-20
-3,326868.15625,Melee,-20
-3,322476.25,Melee,-20
1,322476.25,Run,-20
-2,322476.25,Run,-20
-2,320807.3125,Dash,-20
-2,319138.375,Run,-20
-2,317469.46875,Run,-20
-2,315800.5625,Run,-20
-2,314131.625,Run,-20
-2,312462.6875,Run,-20
-2,310793.78125,Run,-20
-2,309124.875,Run,-20
-2,307455.9375,Run,-20
-2,305787.0,Run,-20
-2,304118.09375,Run,-20
-2,302449.1875,Run,-20
-2,300780.25,Run,-20
-2,299111.3125,Run,-20
-2,297442.40625,Run,-20
-2,295773.5,Run,-20
-2,294104.5625,Run,-20
-2,292435.625,Run,-20
-2,290766.71875,Run,-20
-2,289097.8125,Run,-20
-2,287428.875,Run,-20
-2,285759.9375,Dash,-20
-2,284091.03125,Run,-20
-2,282422.125,Run,-20
-2,280753.1875,Run,-20
-2,279084.25,Run,-20
-2,277415.34375,Run,-20
-2,275746.4375,Run,-20
-2,274077.5,Run,-20
-2,272408.5625,Run,-20
-2,270739.65625,Run,-20
-3,269070.75,Run,-20
-3,264678.8125,Dash,-20
-3,260286.890625,Run,-20
-3,255894.96875,Run,-20
-3,251503.046875,Run,-20
-3,247111.125,Blast,-20
-3,242719.203125,Run,-20
-3,238327.28125,Run,-20
-3,233935.375,Run,-20
-3,229543.46875,Run,-20
-3,225151.546875,Run,-20
-3,220759.640625,Run,-20
-3,216367.71875,Run,-20
1,216367.71875,Run,-20
-2,216367.71875,Dash,-20
-2,214698.796875,Run,-20
-1,213029.875,Run,-20
-1,209458.65625,Jump,-20
-1,205967.203125,Run,-20
-1,202554.984375,Jump,-20
-1,199222.0,Run,-20
-1,195968.25,Jump,-20
-1,192793.75,Run,-20
-1,189698.5,Run,-20
-1,186682.46875,Jump,-20
-1,183745.703125,Jump,-20
-1,180888.15625,Jump,-20
-1,178109.875,Blast,-20
-1,175410.8125,Run,-20
-1,172791.0,Jump,-20
-1,170250.421875,Jump,-20
-1,167789.09375,Run,-20
-1,165407.0,Run,-20
-1,163104.125,Jump,-20
-1,160880.53125,Run,-20
-1,159164.046875,Jump,-20
-1,157526.8125,Run,-20
-1,155968.828125,Blast,-20
-1,154490.078125,Run,-20
-1,153090.5625,Run,-20
-1,151770.296875,Blast,-20
-1,150529.265625,Run,-20
-1,149367.46875,Run,-20
-1,145796.78125,Run,-20
-1,142305.3125,Jump,-20
-1,138893.109375,Jump,-20
-1,135560.125,Jump,-20
-1,132306.390625,Jump,-20
-1,129131.890625,Run,-20
-1,126036.640625,Run,-20
-1,123020.625,Run,-20
-1,120083.8515625,Run,-20
-1,117226.3203125,Run,-20
-1,114448.03125,Jump,-20
-1,111748.9765625,Jump,-20
-1,109640.75,Jump,-20
-1,108769.390625,Jump,-20
-1,107976.984375,Run,-20
-1,107263.8203125,Dash,-20
-1,106629.8984375,Jump,-20
-1,106075.21875,Run,-20
-1,106027.671875,Jump,-20
-1,106059.375,Run,-20
-1,106481.984375,Run,-20
-1,106904.59375,Run,-20
-1,107327.21875,Run,-20
-1,107749.828125,Run,-20
-1,108172.4375,Run,-20
-1,108595.0546875,Run,-20
-1,109017.671875,Dash,-20
-1,109440.28125,Dash,-20
-1,109862.8984375,Run,-20
2,110285.515625,Dash,-20
2,109437.8046875,Run,-20
2,108669.328125,Run,-20
2,107980.1015625,Run,-20
2,107370.109375,Jump,-20
2,106839.359375,Run,-20
2,106387.8515625,Jump,-20
2,106015.578125,Run,-20
2,105722.5546875,Jump,-20
2,105508.765625,Run,-20
2,105374.21875,Jump,-20
2,105933.78125,Run,-20
2,106572.578125,Run,-20
2,107290.625,Jump,-20
2,108087.8984375,Run,-20
2,108964.421875,Run,-20
-1,109920.1875,Jump,-20
-1,109286.265625,Jump,-20
-1,108731.578125,Run,-20
-1,108256.140625,Run,-20
-1,107859.9375,Run,-20
-1,105874.046875,Jump,-20
-1,103967.3984375,Jump,-20
-1,102139.9921875,Jump,-20
-1,100391.828125,Run,-20
-1,98722.90625,Run,-20
-1,97133.21875,Jump,-20
-1,95622.765625,Jump,-20
-1,94191.5625,Jump,-20
-1,92839.59375,Run,-20
-1,91566.875,Run,-20
-1,90373.390625,Run,-20
-1,89259.1484375,Run,-20
-1,89154.7265625,Run,-20
-1,89577.34375,Run,-20
-1,89999.953125,Run,-20
-1,90422.5703125,Run,-20
-1,90845.1875,Dash,-20
-1,91267.796875,Run,-20
2,91690.40625,Run,-20
2,90842.703125,Jump,-20
2,90074.234375,Jump,-20
2,89385.0,Jump,-20
2,88775.0078125,Run,-20
2,88244.265625,Run,-20
2,87792.75,Jump,-20
2,87420.484375,Run,-20
2,87127.453125,Run,-20
-1,86913.6640625,Run,-20
-1,84056.1328125,Run,-20
-1,81277.8359375,Run,-20
-1,78578.78125,Jump,-20
-1,75958.9765625,Run,-20
-1,74202.8828125,Jump,-20
-1,73053.0546875,Run,-20
-1,73475.671875,Run,-20
-1,73898.2890625,Run,-20
-1,74320.90625,Run,-20
1,74743.515625,Run,-20
1,75166.140625,Run,-20
1,75667.9921875,Run,-20
1,77918.015625,Jump,-20
1,80247.28125,Run,-20
1,82655.7890625,Dash,-20
1,85143.53125,Jump,-20
1,87710.515625,Dash,-20
1,90356.7421875,Run,-20
1,93082.2109375,Jump,-20
1,95886.921875,Run,-20
1,98770.8671875,Run,-20
1,101734.0546875,Run,-20
1,104776.484375,Run,-20
1,107898.15625,Run,-20
2,111099.0625,Run,-20
2,110866.21875,Jump,-20
2,110712.625,Dash,-20
2,110638.265625,Jump,-20
2,110643.140625,Run,-20
2,110727.265625,Run,-20
2,110890.6328125,Run,-20
2,111133.234375,Jump,-20
2,111455.078125,Run,-20
2,111856.15625,Run,-20
2,112336.484375,Run,-20
2,112896.046875,Jump,-20
2,113534.84375,Jump,-20
2,114252.890625,Jump,-20
2,115050.171875,Run,-20
1,115926.703125,Run,-20
1,117524.3125,Run,-20
1,119201.171875,Run,-20
1,120957.2734375,Jump,-20
1,122792.609375,Dash,-20
1,124707.1796875,Run,-20
1,126701.0,Dash,-20
1,128774.0546875,Run,-20
1,130926.3515625,Run,-20
1,133157.890625,Run,-20
3,135468.671875,Run,-20
3,139860.578125,Run,-20
3,144252.5,Run,-20
3,148644.40625,Run,-20
3,153036.3125,Run,-20
3,157428.21875,Run,-20
3,161820.140625,Run,-20
3,166212.0625,Run,-20
3,170603.984375,Run,-20
3,174995.90625,Dash,-20
3,179387.828125,Run,-20
3,183779.75,Run,-20
3,188171.671875,Run,-20
1,192563.59375,Run,-20
1,194311.765625,Run,-20
1,196139.15625,Run,-20
1,198045.8125,Run,-20
1,200031.6875,Jump,-20
1,202096.8125,Run,-20
1,204241.171875,Run,-20
1,206464.78125,Jump,-20
1,208767.625,Run,-20
1,211149.71875,Dash,-20
1,213611.046875,Jump,-20
1,216151.609375,Dash,-20
1,218771.421875,Dash,-20
1,221470.46875,Run,-20
1,224248.75,Run,-20
1,227106.28125,Run,-20
1,230043.046875,Jump,-20
1,233059.0625,Jump,-20
1,236154.3125,Jump,-20
1,239328.796875,Jump,-20
1,242582.53125,Jump,-20
1,245915.5,Run,-20
1,216197.25,Run,-20
1,218046.59375,Dash,-20
1,219895.9375,Run,-20
1,220014.71875,Run,-20
1,220057.15625,Jump,-20
1,220070.375,Dash,-20
1,220030.828125,Jump,-20
1,219938.5,Jump,-20
1,219793.40625,Run,-20
1,219595.515625,Run,-20
1,219344.84375,Run,-20
1,219041.40625,Run,-20
1,218685.1875,Dash,-20
1,218276.1875,Run,-20
1,217814.40625,Dash,-20
1,219347.078125,Run,-20
1,220879.75,Run,-20
1,219709.859375,Run,-20
1,220242.5,Dash,-20
1,220834.375,Dash,-20
1,221485.53125,Jump,-20
1,222195.875,Run,-20
1,220929.1875,Run,-20
1,221363.0625,Dash,-20
1,221856.46875,Burst,-20
1,222409.34375,Dash,-20
1,223851.84375,Run,-20
1,225294.34375,Dash,-20
1,226736.828125,Run,-20
1,228179.3125,Jump,-20
1,229621.8125,Burst,-20
1,231064.3125,Run,-20
1,232506.8125,Jump,-20
1,233949.3125,Run,-20
1,235391.8125,Dash,-20
1,236834.3125,Jump,-20
1,238276.8125,Jump,-20
1,239719.3125,Run,-20
1,241161.8125,Dash,-20
1,242604.3125,Run,-20
1,244046.78125,Dash,-20
1,245489.28125,Run,-20
1,246931.78125,Dash,-20
1,248374.28125,Run,-20
1,249816.78125,Run,-20
1,251259.28125,Run,-20
1,252701.78125,Run,-20
1,254144.28125,Dash,-20
1,255586.78125,Dash,-20
1,257029.28125,Jump,-20
1,258471.78125,Burst,-20
1,259914.25,Dash,-20
1,261356.75,Jump,-20
1,262799.25,Jump,-20
1,264241.75,Run,-20
1,265684.25,Dash,-20
1,267126.75,Run,-20
1,265413.6875,Run,-20
1,263647.84375,Run,-20
1,261829.25,Run,-20
5,259957.84375,Jump,-20
5,256723.125,Melee,-21
5,253488.40625,Melee,-21
5,250253.65625,Melee,-21
5,247018.9375,Melee,-21
5,243784.21875,Melee,-21
5,240549.5,Melee,-21
5,237314.78125,Melee,-21
5,234080.0625,Melee,-21
5,230845.34375,Melee,-21
5,227610.59375,Melee,-21
1,227689.84375,Melee,-21
8,227848.296875,Run,-21
8,229159.0625,Run,-21
8,230551.625,Run,-21
8,232020.875,Run,-21
8,233567.40625,Run,-21
8,235196.5,Run,-21
8,236903.375,Run,-21
8,238689.53125,Run,-21
8,239481.875,Run,-21
8,238437.75,Dash,-21
8,237364.703125,Run,-21
8,236291.65625,Run,-21
8,235217.6875,Run,-21
8,234145.0625,Run,-21
8,233071.984375,Dash,-21
8,231998.921875,Run,-21
8,230925.875,Run,-21
8,229851.703125,Run,-21
8,228779.34375,Run,-22
8,226557.59375,Jump,-22
8,224360.03125,Jump,-22
8,222177.21875,Burst,-22
8,220007.6875,Run,-22
8,217855.59375,Jump,-22
8,215717.125,Burst,-22
8,213593.4375,Burst,-22
0,214180.5,Melee,-21
0,214767.125,Melee,-21
0,215353.75,Melee,-21
0,215940.375,Melee,-21
0,216527.015625,Melee,-21
-1,217113.640625,Melee,-21
1,217106.71875,Run,-21
1,216007.9375,Run,-21
1,214986.9375,Run,-21
1,214043.734375,Blast,-22
1,213178.328125,Jump,-22
1,212390.71875,Melee,-22
1,211680.890625,Melee,-22
1,211048.859375,Melee,-22
1,210023.71875,Melee,-22
8,209002.4375,Melee,-22
8,207981.1875,Melee,-22
8,206960.03125,Melee,-22
8,205938.3125,Melee,-22
8,205938.3125,Melee,-22
8,205938.3125,Melee,-22
8,205938.3125,Melee,-22
8,205938.3125,Melee,-22
8,205938.3125,Melee,-22
8,205938.3125,Melee,-22
8,205938.3125,Melee,-22
8,205938.3125,Melee,-22
8,205938.3125,Melee,-22
8,204917.03125,Dash,-22
8,203895.78125,Run,-22
8,202874.5,Run,-22
8,201853.21875,Run,-22
8,201099.78125,Run,-22
8,200146.625,Run,-22
8,199296.96875,Run,-22
8,198199.4375,Run,-22
8,196917.203125,Run,-22
8,195539.09375,Run,-22
8,193763.0625,Run,-22
8,191837.796875,Run,-22
8,189932.59375,Run,-22
8,188047.4375,Run,-22
8,186179.21875,Run,-22
8,184334.1875,Run,-22
8,183440.90625,Run,-22
8,182547.640625,Run,-22
-1,181654.375,Run,-22
-1,180761.15625,Run,-22
8,181654.421875,Dash,-22
8,180761.1875,Dash,-22
8,183111.90625,Dash,-22
8,185462.59375,Melee,-22
8,187813.3125,Melee,-22
8,190164.0,Melee,-22
8,192514.71875,Melee,-22
8,194865.40625,Melee,-22
8,197216.125,Melee,-22
8,199566.8125,Melee,-22
8,201917.515625,Melee,-22
8,204268.21875,Melee,-22
8,206618.921875,Melee,-22
8,208969.625,Dash,-22
8,208969.625,Run,-22
8,208969.625,Run,-22
8,208076.359375,Run,-22
8,207183.09375,Run,-22
8,206289.8125,Run,-22
8,205396.546875,Run,-22
8,204503.28125,Run,-22
8,202451.875,Run,-22
8,200420.546875,Run,-22
8,198409.265625,Run,-22
8,196417.4375,Run,-22
8,194446.3125,Run,-22
8,192495.203125,Run,-22
8,190564.140625,Run,-22
8,188653.15625,Run,-22
8,186761.34375,Run,-22
8,185958.34375,Run,-22
1,185155.328125,Run,-22
1,184352.3125,Run,-22
5,184587.109375,Dash,-22
5,183774.0625,Dash,-22
5,182961.03125,Dash,-22
5,182148.0,Dash,-22
5,181334.953125,Dash,-22
5,180521.90625,Dash,-22
5,178382.34375,Dash,-22
5,176242.75,Melee,-23
5,174103.171875,Melee,-23
5,171963.59375,Melee,-23
5,169824.0,Melee,-23
1,167684.421875,Melee,-23
8,165544.84375,Run,-23
8,164181.8125,Melee,-23
8,162766.3125,Melee,-23
8,161297.71875,Melee,-23
8,159776.34375,Melee,-23
8,158201.0625,Melee,-23
8,158872.890625,Melee,-23
8,159543.859375,Melee,-23
8,160214.84375,Melee,-23
8,160885.828125,Melee,-23
8,161556.09375,Melee,-23
8,162227.59375,Melee,-23
8,162227.59375,Melee,-23
8,162227.59375,Melee,-23
8,162227.59375,Melee,-23
8,162227.59375,Melee,-23
8,162227.59375,Melee,-23
8,162227.59375,Melee,-23
8,162227.59375,Melee,-23
8,162227.59375,Melee,-23
8,162227.59375,Melee,-23
8,162227.59375,Melee,-23
8,162227.59375,Melee,-23
8,162227.59375,Melee,-23
8,162227.59375,Melee,-23
8,162227.59375,Melee,-23
8,162227.59375,Melee,-23
8,162227.59375,Melee,-23
8,162227.59375,Melee,-23
8,161556.59375,Run,-23
8,160885.234375,Jump,-23
8,160214.234375,Dash,-23
1,160214.234375,Jump,-23
1,160214.234375,Run,-23
1,159543.25,Jump,-23
1,158872.25,Burst,-23
1,158201.265625,Jump,-23
1,157530.28125,Jump,-23
1,156859.296875,Run,-23
1,156188.3125,Dash,-23
1,155517.328125,Run,-23
1,156985.875,Run,-23
1,158401.65625,Melee,-23
1,159764.65625,Melee,-23
8,161074.875,Dash,-23
8,162332.3125,Dash,-23
8,163536.96875,Melee,-23
8,164688.03125,Melee,-23
8,165787.6875,Melee,-23
8,166834.0,Melee,-23
8,167827.53125,Melee,-23
8,168768.3125,Melee,-23
8,169655.03125,Melee,-23
8,168668.3125,Melee,-23
8,167680.640625,Melee,-23
8,166692.984375,Melee,-23
8,165705.328125,Melee,-23
8,164716.046875,Run,-23
8,163729.734375,Run,-23
8,162742.078125,Dash,-23
8,161754.421875,Run,-23
8,161754.421875,Run,-23
8,161754.421875,Dash,-23
8,161754.421875,Run,-23
8,162742.078125,Run,-23
8,163729.734375,Jump,-23
8,164717.390625,Jump,-23
8,165701.828125,Run,-23
8,166692.078125,Burst,-23
8,167679.75,Run,-23
8,168667.40625,Burst,-23
8,169655.0625,Dash,-23
8,170639.875,Run,-23
8,171629.703125,Dash,-23
8,172617.34375,Dash,-23
8,173605.0,Jump,-23
1,173605.0,Jump,-23
8,173605.0,Dash,-23
8,174592.65625,Dash,-23
8,175578.109375,Run,-23
8,176567.4375,Run,-23
8,177555.09375,Burst,-23
8,178542.75,Dash,-23
8,179530.40625,Run,-23
8,180516.328125,Run,-23
8,181505.203125,Jump,-23
8,182492.84375,Run,-23
8,183480.5,Dash,-23
8,184468.15625,Dash,-23
8,182223.140625,Melee,-24
8,179978.125,Melee,-24
8,177733.125,Melee,-24
8,175488.109375,Melee,-24
8,173243.09375,Melee,-24
8,170998.078125,Melee,-24
8,168753.0625,Melee,-24
8,166508.0625,Melee,-24
8,164263.0625,Melee,-24
8,162018.046875,Melee,-24
8,159773.03125,Melee,-24
8,157528.03125,Melee,-24
8,157528.03125,Melee,-24
8,157528.03125,Melee,-24
8,157528.03125,Melee,-24
8,158197.921875,Melee,-24
8,158869.71875,Melee,-24
8,159540.6875,Melee,-24
8,160211.671875,Melee,-24
1,160211.671875,Melee,-24
-2,160211.671875,Run,-24
-1,160882.65625,Run,-24
-1,160882.65625,Run,-24
-2,160882.65625,Run,-24
-2,160882.65625,Run,-24
-2,160882.65625,Run,-24
-2,160882.65625,Run,-24
-2,160882.65625,Run,-24
-2,160882.65625,Run,-24
-2,160882.65625,Run,-24
-2,160882.65625,Run,-24
-2,160882.65625,Run,-24
-2,160882.65625,Run,-24
-2,160882.65625,Run,-24
-2,160882.65625,Run,-24
-2,160882.65625,Run,-24
-2,160211.671875,Run,-24
-2,159540.6875,Run,-24
-2,158869.703125,Dash,-24
-2,158198.71875,Run,-24
-2,157527.40625,Jump,-24
-2,156856.421875,Dash,-24
-2,156185.4375,Dash,-24
1,156185.4375,Dash,-24
1,156185.4375,Run,-24
1,157680.265625,Dash,-24
8,159122.3125,Dash,-24
8,160511.59375,Burst,-24
8,161848.09375,Burst,-25
8,163131.8125,Burst,-25
8,164362.75,Melee,-25
8,165540.90625,Melee,-25
8,166665.46875,Melee,-25
8,167738.609375,Melee,-25
8,168758.40625,Melee,-25
8,169725.453125,Melee,-25
8,170639.71875,Melee,-25
8,169650.828125,Melee,-25
8,168664.0625,Melee,-25
8,167676.40625,Melee,-25
8,166688.75,Melee,-25
8,165701.09375,Melee,-25
8,164711.8125,Run,-25
8,163725.484375,Run,-25
8,162737.828125,Run,-25
8,161750.171875,Dash,-25
8,160762.515625,Run,-25
8,159773.734375,Run,-25
8,158787.515625,Run,-25
8,158787.515625,Run,-25
8,159775.15625,Run,-25
8,160759.9375,Run,-25
8,161750.28125,Burst,-25
8,162737.9375,Dash,-25
8,163725.59375,Dash,-25
8,164713.25,Run,-25
8,165697.71875,Dash,-25
1,165697.71875,Dash,-25
1,165697.71875,Run,-25
1,166685.375,Dash,-25
8,167673.03125,Run,-25
8,168660.6875,Jump,-25
8,169650.90625,Run,-25
8,170635.78125,Dash,-25
8,171625.5625,Jump,-25
8,172613.1875,Run,-25
8,173600.84375,Dash,-25
8,174588.5,Jump,-25
8,175574.03125,Dash,-25
8,176563.3125,Run,-25
8,175490.75,Jump,-25
8,174365.4375,Run,-25
8,173187.34375,Melee,-26
8,171954.84375,Melee,-26
8,169815.5,Melee,-26
8,167676.15625,Melee,-26
8,165536.8125,Melee,-26
8,163397.46875,Melee,-26
8,162009.453125,Melee,-26
8,160567.484375,Burst,-26
8,159072.734375,Burst,-26
8,157525.21875,Burst,-26
8,158195.15625,Burst,-26
8,158866.90625,Burst,-26
8,159537.875,Burst,-26
8,160208.875,Burst,-26
8,160879.859375,Burst,-26
8,161550.84375,Burst,-26
8,162221.890625,Burst,-26
8,162892.875,Burst,-26
8,163563.84375,Burst,-26
1,163563.84375,Burst,-26
1,163563.84375,Run,-26
1,162892.875,Run,-26
1,162221.875,Dash,-26
8,161550.890625,Jump,-26
8,160877.203125,Dash,-26
8,160208.921875,Jump,-26
8,159537.9375,Run,-26
8,158866.953125,Jump,-26
8,158195.96875,Run,-26
8,157524.671875,Dash,-26
8,156853.65625,Run,-26
8,156182.6875,Jump,-26
8,155511.6875,Run,-26
0,155742.375,Dash,-25
0,155972.796875,Dash,-25
0,156203.21875,Dash,-25
0,156433.640625,Dash,-25
0,156664.0625,Dash,-25
0,156894.5,Dash,-25
0,157124.90625,Dash,-25
1,156959.8125,Dash,-25
1,156104.0625,Run,-25
1,157569.734375,Run,-25
1,159062.109375,Jump,-26
1,160581.1875,Jump,-26
8,162126.984375,Melee,-26
8,164501.78125,Jump,-26
8,167784.375,Run,-26
8,171198.71875,Run,-26
8,174744.828125,Melee,-27
8,178422.6875,Melee,-27
8,182019.09375,Melee,-27
8,185273.796875,Melee,-27
8,187594.78125,Melee,-27
8,187594.78125,Melee,-27
8,186608.625,Melee,-27
8,185622.5,Melee,-27
8,184634.03125,Melee,-27
8,183650.171875,Melee,-27
8,182664.03125,Melee,-27
8,181677.875,Melee,-27
8,180691.75,Melee,-27
8,179703.046875,Melee,-27
8,178719.5625,Melee,-27
8,177733.40625,Melee,-27
8,176747.265625,Melee,-27
8,177733.40625,Burst,-27
8,178719.5625,Dash,-27
8,179705.6875,Run,-27
8,180689.71875,Dash,-27
8,181677.65625,Dash,-27
8,182663.78125,Run,-27
8,183649.90625,Dash,-27
8,184636.0625,Dash,-27
8,185619.28125,Run,-28
8,186989.296875,Burst,-28
1,187370.65625,Run,-28
-2,187752.03125,Run,-28
-2,188133.375,Run,-29
-2,188514.75,Run,-29
-2,188896.109375,Run,-29
-2,189277.46875,Run,-29
-2,189142.34375,Run,-29
-2,188090.0625,Run,-29
-2,187120.09375,Run,-29
-2,187242.1875,Run,-29
-2,186426.96875,Melee,-29
-2,185693.40625,Melee,-29
-2,184914.5,Melee,-29
-2,184214.84375,Melee,-29
-2,183592.125,Melee,-29
-2,183053.15625,Melee,-29
-2,182591.1875,Melee,-29
-2,182021.046875,Melee,-29
-2,181031.0,Melee,-29
-2,180038.375,Melee,-29
1,180038.375,Jump,-29
1,180038.375,Dash,-29
1,181028.4375,Jump,-29
1,182018.484375,Run,-29
1,183008.53125,Run,-29
1,183998.59375,Dash,-29
1,184988.65625,Dash,-29
1,185978.703125,Jump,-29
1,186968.75,Dash,-29
1,187958.8125,Dash,-29
8,188948.875,Melee,-29
8,189938.921875,Melee,-29
8,189938.921875,Melee,-30
8,189938.921875,Melee,-30
8,188951.5,Melee,-30
8,187961.453125,Melee,-30
8,186971.40625,Melee,-30
8,185981.34375,Burst,-30
8,184988.96875,Melee,-30
8,184001.15625,Melee,-30
8,184991.21875,Dash,-30
8,185978.3125,Run,-31
8,187356.3125,Dash,-31
8,188743.5625,Run,-31
8,190145.59375,Jump,-31
8,191562.421875,Jump,-31
8,192991.21875,Run,-31
8,193403.15625,Melee,-31
8,192774.84375,Melee,-31
8,191603.09375,Burst,-31
8,190375.78125,Burst,-31
8,189227.71875,Burst,-31
8,188158.875,Burst,-31
8,188212.578125,Burst,-31
8,189388.84375,Run,-31
8,190644.328125,Jump,-31
8,191979.046875,Dash,-31
8,193393.0,Jump,-31
8,194883.375,Dash,-31
8,196458.46875,Run,-32
8,197884.359375,Run,-32
1,197884.359375,Melee,-32
1,197884.359375,Melee,-32
1,198927.6875,Melee,-32
1,199971.0,Melee,-32
1,201014.3125,Melee,-32
1,202057.625,Melee,-32
1,203100.9375,Melee,-32
1,204144.25,Melee,-32
1,205187.5625,Melee,-32
8,206230.875,Melee,-32
8,207274.1875,Melee,-32
8,208317.5,Dash,-32
8,209360.8125,Jump,-32
8,210404.125,Jump,-32
8,211446.09375,Run,-32
8,211446.09375,Run,-32
8,210403.8125,Dash,-33
8,209360.484375,Run,-33
8,208317.171875,Run,-33
8,207273.859375,Run,-33
8,204309.78125,Run,-33
8,203519.21875,Run,-33
8,202959.234375,Run,-33
8,203445.78125,Run,-34
8,204474.28125,Run,-34
8,205513.25,Run,-34
8,206564.296875,Run,-34
8,207627.4375,Run,-34
8,208701.34375,Run,-34
8,209789.6875,Run,-34
8,210889.03125,Run,-34
8,209309.328125,Run,-34
8,207621.8125,Run,-34
8,206134.375,Run,-34
8,204612.21875,Run,-34
8,203082.40625,Run,-34
8,201560.0,Burst,-34
0,200768.109375,Burst,-33
0,200404.34375,Burst,-33
0,200040.5625,Burst,-33
0,199676.78125,Melee,-33
0,199310.5625,Melee,-33
0,198946.78125,Melee,-33
0,198583.0,Melee,-33
-2,198510.25,Melee,-33
-2,197435.34375,Melee,-33
-2,196360.4375,Melee,-33
-2,195285.53125,Melee,-33
8,194210.625,Melee,-33
8,193135.71875,Melee,-33
8,192063.28125,Melee,-33
8,193138.1875,Run,-33
8,194213.09375,Run,-33
8,195288.640625,Dash,-33
8,196363.53125,Burst,-33
8,197438.4375,Burst,-33
8,198513.34375,Burst,-33
8,199588.25,Burst,-33
8,200663.8125,Burst,-33
8,199588.84375,Melee,-33
8,198514.34375,Melee,-33
8,197439.40625,Melee,-33
8,196364.5,Melee,-33
8,195289.59375,Melee,-33
8,196364.5,Melee,-33
8,197439.40625,Melee,-33
8,198514.3125,Melee,-33
8,199589.21875,Melee,-33
8,200664.765625,Melee,-33
8,201818.90625,Melee,-33
8,203052.28125,Burst,-33
8,204364.875,Burst,-33
8,204681.8125,Melee,-33
8,205077.984375,Melee,-33
8,204478.46875,Melee,-33
8,203958.203125,Melee,-33
8,203517.15625,Melee,-33
8,203155.296875,Melee,-33
8,202873.15625,Melee,-33
1,203744.71875,Burst,-33
1,204695.515625,Melee,-33
1,206800.453125,Melee,-33
1,208984.625,Melee,-33
1,211111.09375,Melee,-33
1,212186.0,Melee,-33
1,213260.90625,Melee,-33
-1,214335.8125,Run,-33
1,214335.8125,Run,-33
8,214335.8125,Dash,-33
8,213260.90625,Jump,-33
8,212185.96875,Run,-33
8,211111.0625,Run,-33
8,210036.15625,Run,-33
8,208961.15625,Melee,-33
8,207886.6875,Melee,-33
8,206811.75,Melee,-33
8,205736.84375,Melee,-33
8,204661.9375,Melee,-33
8,203587.03125,Melee,-33
8,202512.28125,Melee,-33
8,201437.34375,Melee,-33
8,200362.4375,Melee,-33
8,199287.53125,Melee,-33
8,198212.625,Melee,-33
8,198212.625,Melee,-33
8,199288.078125,Jump,-33
8,200362.984375,Run,-33
8,201437.890625,Dash,-33
8,202512.796875,Burst,-34
8,203309.046875,Run,-34
8,204200.40625,Melee,-34
8,205170.34375,Melee,-34
8,206219.53125,Melee,-34
8,207347.9375,Melee,-34
8,207480.6875,Melee,-34
8,207692.65625,Melee,-34
8,207894.0,Melee,-34
8,207894.0,Melee,-34
8,208968.90625,Melee,-34
1,208968.90625,Melee,-34
8,208968.90625,Melee,-34
8,210043.8125,Melee,-34
8,211118.71875,Melee,-35
8,212193.625,Melee,-35
8,213268.53125,Melee,-35
8,213268.53125,Melee,-35
8,213268.53125,Melee,-35
8,212193.625,Melee,-35
8,211118.71875,Melee,-35
8,210043.8125,Melee,-35
8,208968.8125,Melee,-35
8,207894.34375,Melee,-35
8,206819.40625,Melee,-35
8,206819.40625,Melee,-35
8,207894.3125,Melee,-36
8,208969.21875,Melee,-36
8,210044.78125,Melee,-36
8,211119.65625,Melee,-36
8,212194.5625,Melee,-36
8,213269.46875,Melee,-36
8,214344.390625,Jump,-36
8,215419.84375,Dash,-36
8,214344.71875,Dash,-36
8,213270.484375,Run,-36
8,212195.5625,Jump,-36
8,211120.65625,Jump,-36
8,210045.75,Jump,-36
8,208970.75,Melee,-36
8,207896.28125,Melee,-36
8,207896.28125,Melee,-36
8,208971.15625,Melee,-37
1,208971.15625,Melee,-37
1,208971.15625,Melee,-37
1,210046.0625,Melee,-37
1,211120.96875,Melee,-37
1,212195.875,Melee,-37
-2,213270.78125,Melee,-37
-2,212195.875,Run,-37
-2,211120.96875,Dash,-37
-2,210046.0625,Run,-37
-2,208971.15625,Run,-37
-2,207896.25,Melee,-37
-2,206821.34375,Melee,-37
-1,205746.4375,Melee,-37
-1,205746.4375,Melee,-37
1,205746.4375,Melee,-37
1,205746.4375,Melee,-37
1,206821.34375,Melee,-37
3,207896.25,Melee,-37
3,210724.96875,Melee,-37
3,213553.6875,Burst,-37
-3,216382.390625,Burst,-37
-3,219211.109375,Burst,-37
-3,222039.8125,Run,-37
-3,224868.53125,Run,-37
-3,227697.25,Run,-37
-3,230525.96875,Run,-37
-3,233354.6875,Run,-37
-3,236183.375,Run,-37
-3,239009.40625,Run,-37
-3,241838.125,Run,-37
1,241838.125,Run,-37
-2,241838.125,Run,-37
-2,242913.03125,Run,-37
-2,243987.9375,Run,-37
-2,245062.84375,Run,-37
-2,246137.75,Run,-37
-2,247212.65625,Run,-37
-2,248287.5625,Run,-37
-2,249362.46875,Run,-37
-2,250437.375,Dash,-37
-2,251512.28125,Dash,-37
-2,252587.1875,Dash,-37
-2,253662.09375,Run,-37
-2,254737.0,Run,-37
-2,255811.90625,Run,-37
-2,256886.8125,Run,-37
-2,257961.71875,Run,-37
-2,259036.625,Run,-37
-2,260111.53125,Run,-37
-2,261186.4375,Run,-37
-2,262261.34375,Run,-37
-2,263336.25,Run,-37
-2,264411.15625,Run,-37
-2,265486.0625,Run,-37
-2,266560.96875,Run,-37
-2,267635.875,Dash,-37
-2,268710.78125,Run,-37
-2,269785.6875,Run,-37
-3,270860.59375,Run,-37
-3,273689.3125,Run,-37
-3,276518.0,Run,-37
-3,279346.71875,Dash,-37
-3,282175.4375,Run,-37
-3,285004.125,Run,-37
-3,287832.8125,Run,-37
-3,290661.53125,Dash,-37
-3,293490.25,Run,-37
-3,296318.9375,Run,-37
-3,299147.625,Run,-37
-3,301976.34375,Run,-37
-3,304805.0625,Run,-37
1,304805.0625,Run,-37
-2,304805.0625,Run,-37
-2,305879.96875,Run,-37
-2,306954.875,Run,-37
-2,308029.8125,Dash,-37
-2,309104.71875,Run,-37
-2,310179.625,Run,-37
-2,311254.5625,Run,-37
-2,312329.46875,Run,-37
-2,313404.375,Run,-37
-2,314479.3125,Dash,-37
-2,315554.21875,Run,-37
-2,316629.125,Run,-37
-1,317704.0625,Dash,-37
-1,317704.0625,Run,-37
-1,317704.0625,Run,-37
-1,317704.0625,Dash,-37
1,317704.0625,Dash,-37
1,317704.0625,Run,-37
1,316629.125,Dash,-37
1,315554.21875,Run,-37
1,314479.3125,Jump,-37
1,313404.375,Dash,-37
1,312329.46875,Dash,-37
1,311254.5625,Run,-37
1,310179.625,Dash,-37
1,309104.71875,Dash,-37
1,308029.8125,Dash,-37
1,306954.875,Run,-37
1,305879.96875,Run,-37
1,304805.0625,Dash,-37
1,303730.125,Run,-37
1,302655.21875,Dash,-37
1,301580.3125,Burst,-37
1,300505.375,Jump,-37
1,299430.46875,Run,-37
1,298355.5625,Jump,-37
1,297280.625,Run,-37
1,296205.71875,Jump,-37
1,295130.8125,Run,-37
1,294055.875,Jump,-37
1,292980.96875,Run,-37
-1,291906.0625,Jump,-37
-1,291906.0625,Run,-37
-1,291906.0625,Run,-37
-1,291906.0625,Run,-37
-1,291906.0625,Run,-37
-1,291906.0625,Run,-37
-1,291906.0625,Run,-37
-1,291906.0625,Run,-37
-1,291906.0625,Run,-37
-1,291906.0625,Run,-37
-1,291906.0625,Dash,-37
-1,291906.0625,Dash,-37
-1,291906.0625,Run,-37
-1,291906.0625,Run,-37
-1,291906.0625,Run,-37
-1,291906.0625,Run,-37
-1,291906.0625,Run,-37
-1,291906.0625,Run,-37
-1,291906.0625,Run,-37
-1,291906.0625,Dash,-37
-1,291906.0625,Run,-37
-1,291906.0625,Run,-37
-1,291906.0625,Run,-37
-1,291906.0625,Run,-37
-1,291906.0625,Run,-37
-1,291906.0625,Run,-37
-1,291906.0625,Dash,-37
-1,291906.0625,Run,-37
-1,291906.0625,Run,-37
-1,291906.0625,Run,-37
-1,291906.0625,Run,-37
-1,291906.0625,Run,-37
-1,291906.0625,Run,-37
-1,291906.0625,Run,-37
-1,291906.0625,Run,-37
-1,291906.0625,Dash,-37
-1,291906.0625,Run,-37
-1,291906.0625,Run,-37
-1,291906.0625,Run,-37
