playerAggression,distance,pastNemStates,pastNemStatesENC,nemInput,curReward
1,214369.0,Idle,0
-1,214369.0,Idle,0
-1,214369.0,Run,0
-1,214369.0,Run,0
-1,214369.0,Run,0
-1,213751.5,Run,0
-1,213134.0,Run,0
-1,212516.484375,Run,0
-1,211898.984375,Run,0
-1,211281.46875,Run,0
-1,208740.25,Run,0
-1,207940.578125,Run,0
-1,207220.1875,Run,0
-1,206579.0625,Run,0
-1,206017.171875,Run,0
-1,205534.546875,Run,0
-1,205131.15625,Run,0
-1,204806.96875,Run,0
-1,204562.03125,Run,0
-1,204396.296875,Run,0
-1,204309.78125,Run,0
-1,203846.21875,Run,0
-1,203228.71875,Run,0
-1,202611.21875,Run,0
-1,201993.71875,Run,0
-1,201376.21875,Run,0
-1,200758.71875,Run,0
-1,200141.21875,Run,0
-1,199523.71875,Run,0
-1,198906.21875,Run,0
-1,198288.71875,Run,0
-1,197671.21875,Run,0
1,197053.71875,Run,0
1,196436.21875,Run,0
1,197367.15625,Jump,0
1,198278.03125,Run,0
1,199816.4375,Run,0
1,201354.84375,Run,0
1,202204.65625,Run,0
1,203055.375,Run,0
1,203886.03125,Run,0
1,204696.625,Run,0
1,205487.171875,Run,0
1,206257.65625,Jump,0
1,207008.09375,Run,0
1,208476.3125,Run,0
1,209944.515625,Run,0
-1,210652.15625,Run,0
1,209894.25,Run,0
-2,209136.375,Run,0
-2,207368.671875,Run,0
-2,205615.15625,Run,0
-2,203875.8125,Run,0
2,202150.65625,Run,0
2,198534.5,Run,0
-1,195015.40625,Run,0
-1,191589.703125,Run,0
-1,188257.921875,Run,0
-1,184626.15625,Run,0
-1,181095.8125,Run,0
-1,177667.46875,Jump,0
-1,174341.453125,Run,0
-1,172896.546875,Run,0
-1,171530.859375,Run,0
-1,169632.4375,Run,0
-1,167833.03125,Run,0
-1,166132.390625,Run,0
-1,162359.375,Run,0
-1,158684.71875,Jump,0
-1,155108.265625,Run,0
-1,152184.625,Run,0
-1,149340.1875,Run,0
-1,144587.875,Run,0
-1,140047.21875,Jump,0
-1,135710.359375,Run,0
-1,131570.046875,Run,0
-1,127619.375,Run,0
-1,124810.1953125,Jump,0
-1,122153.609375,Run,0
-1,118333.890625,Run,0
-1,114689.9375,Run,0
-1,111215.6875,Run,0
-1,108899.578125,Run,0
-1,106726.2578125,Run,0
-1,104693.890625,Run,0
-1,102801.09375,Run,0
-1,101352.078125,Run,0
-1,100042.5390625,Run,0
-1,98873.03125,Run,0
-1,97843.71875,Run,0
-1,96955.921875,Run,0
-1,96211.3671875,Jump,0
-1,95612.125,Run,0
-1,95160.65625,Run,0
-1,94859.8046875,Jump,0
-1,94712.7734375,Jump,0
-1,94723.140625,Run,0
-1,94894.8671875,Run,0
-1,94775.09375,Run,0
-1,95575.921875,Run,0
-1,96604.5390625,Run,0
-1,97701.5,Run,0
-1,98868.6875,Run,0
-1,99936.765625,Run,0
-1,98727.46875,Run,0
2,97556.78125,Run,0
2,94817.390625,Run,0
2,92257.46875,Run,0
2,89868.703125,Run,0
2,87648.328125,Run,0
2,85589.125,Run,0
1,83684.28125,Run,0
1,83028.703125,Run,0
1,82484.71875,Run,0
-1,82049.7734375,Run,0
-1,80327.9296875,Jump,0
-1,78735.6640625,Run,0
-1,77271.15625,Run,0
-1,74145.578125,Run,0
-1,71174.8359375,Run,0
-1,68608.0703125,Run,0
-1,66730.8671875,Jump,0
-1,64979.6875,Run,0
-1,63350.15625,Run,0
-1,62824.8203125,Run,0
-1,62407.9296875,Run,0
-1,62409.73828125,Run,0
-1,62454.29296875,Run,0
2,62542.6640625,Run,0
2,61359.875,Run,0
2,60265.09765625,Run,0
2,59254.75,Run,0
2,58336.0078125,Run,0
2,57506.6796875,Run,0
1,56764.6953125,Run,0
1,57116.296875,Run,0
1,57567.8125,Run,0
1,58120.77734375,Run,0
-1,58773.3515625,Run,0
-1,56753.609375,Run,0
-1,54815.9765625,Jump,0
-1,52957.5703125,Run,0
-1,51173.04296875,Run,0
-1,49460.328125,Run,0
-1,47817.8359375,Run,0
-1,46678.74609375,Run,0
-1,45801.234375,Run,0
-1,46025.3515625,Run,0
-1,46347.6953125,Run,0
-1,47142.1328125,Jump,0
-1,47978.71875,Run,0
-1,48858.3046875,Run,0
-1,47840.69921875,Run,0
-1,46296.7578125,Jump,0
-1,44326.96484375,Run,0
-1,42517.4609375,Jump,0
-1,40860.3828125,Run,0
-1,39348.046875,Run,0
-1,37973.12890625,Run,0
1,37134.0234375,Run,0
1,37198.03125,Run,0
1,37343.7578125,Run,0
1,37780.375,Run,0
1,38290.6640625,Run,0
1,38872.8046875,Run,0
1,39527.03125,Run,0
1,40252.46875,Run,0
1,41048.6328125,Run,0
1,41915.44140625,Jump,0
1,42853.1875,Jump,0
1,43862.55859375,Run,0
3,44944.640625,Run,0
3,46205.7265625,Run,0
3,47484.8671875,Run,0
3,48783.2890625,Run,0
3,50115.859375,Run,0
3,51485.4921875,Run,0
3,52895.0546875,Run,0
3,54347.25390625,Run,0
3,55844.6875,Run,0
3,57389.79296875,Run,0
3,58984.84375,Run,0
3,60631.953125,Run,0
3,62333.0078125,Run,0
1,64089.6875,Run,0
1,65052.51953125,Run,0
1,66128.1796875,Run,0
1,67318.1640625,Run,0
1,68607.484375,Run,0
1,69998.8125,Run,0
1,71495.171875,Run,0
1,73099.921875,Run,0
1,74816.8125,Run,0
1,76649.984375,Run,0
1,78603.9375,Run,0
1,80683.53125,Run,0
1,82894.0234375,Run,0
1,84641.40625,Run,0
1,86523.9609375,Run,0
1,87940.8984375,Run,0
1,89488.671875,Run,0
1,91174.75,Run,0
1,92997.453125,Run,0
1,94166.0625,Run,0
1,94600.453125,Run,0
1,95706.1796875,Jump,0
1,96859.265625,Jump,0
1,98692.75,Run,0
1,100591.125,Run,0
1,102555.890625,Run,0
1,104602.390625,Run,0
1,106734.609375,Run,0
1,108957.3125,Run,0
1,111276.171875,Run,0
1,113697.9140625,Run,0
1,116230.625,Run,0
1,118884.140625,Run,0
1,121670.4375,Run,0
1,124604.0625,Run,0
1,127701.875,Run,0
-3,130980.7578125,Run,0
-3,133321.09375,Run,0
-3,136174.953125,Run,0
-3,139165.84375,Run,0
-3,142271.28125,Run,0
-3,145491.234375,Run,0
-3,148825.578125,Run,0
-3,152274.125,Run,0
-3,155836.609375,Run,0
-3,159512.609375,Run,0
-3,163301.6875,Run,0
-3,167203.3125,Run,0
-3,171216.84375,Run,0
-1,175341.671875,Run,0
-1,178274.796875,Run,0
-1,181353.9375,Run,0
-1,184581.15625,Run,0
-1,187956.78125,Run,0
-1,191483.3125,Run,0
-1,195163.625,Run,0
-1,199001.015625,Run,0
-1,202999.25,Run,0
-1,207162.515625,Run,0
-1,211495.453125,Jump,0
-1,216003.125,Run,0
-1,220691.015625,Run,0
-1,225162.59375,Run,0
1,226923.453125,Run,0
1,227874.59375,Run,0
1,230352.828125,Run,0
1,232987.34375,Run,0
1,235777.84375,Run,0
1,237716.84375,Jump,0
1,239798.15625,Run,0
-2,242024.859375,Run,0
-2,243820.890625,Run,0
-2,245699.0,Run,0
-2,247657.65625,Run,0
-2,249692.28125,Run,0
-2,251802.046875,Run,0
-2,253985.6875,Run,0
-2,256059.328125,Run,-1
-2,257637.09375,Run,-1
-2,260412.84375,Run,-1
-2,263286.28125,Run,-1
-2,266258.25,Run,-1
-2,269332.4375,Run,-1
-2,272509.59375,Run,-1
-2,275790.25,Run,-1
-2,279114.125,Run,-1
-2,281821.34375,Run,-1
-2,282646.875,Run,-1
-2,285204.46875,Run,-1
1,286640.1875,Run,-1
-2,288154.0625,Run,-1
-2,290986.1875,Run,-1
-1,293916.625,Run,-1
-1,295687.1875,Run,-1
-1,297539.53125,Run,-1
1,299474.09375,Run,-1
1,301490.375,Run,-1
1,302289.53125,Run,-1
1,302700.1875,Run,-1
1,302930.34375,Run,-1
1,303140.4375,Run,-1
1,303330.46875,Run,-1
-2,303497.75,Run,-1
-2,305006.875,Run,-2
-2,306516.0625,Run,-2
-2,303101.6875,Run,-2
-2,303469.4375,Run,-2
-2,303712.8125,Run,-2
-2,303887.5625,Run,-2
-2,304063.625,Run,-2
-2,302905.5625,Run,-2
-2,301787.78125,Run,-2
-2,300718.0625,Run,-2
-2,298907.5,Melee,-2
-2,296841.78125,Melee,-2
-2,296018.0625,Melee,-2
-2,294844.625,Melee,-2
-2,293490.0625,Melee,-2
-2,292135.5,Melee,-2
-2,290780.21875,Melee,-2
-2,289425.65625,Melee,-2
1,289425.65625,Melee,-2
1,289425.65625,Melee,-2
1,288071.09375,Melee,-2
1,286716.53125,Melee,-2
1,285361.96875,Run,-2
1,284004.71875,Burst,-2
-2,282650.15625,Run,-2
-3,281295.59375,Run,-2
-3,277730.9375,Dash,-2
-3,274166.3125,Dash,-2
-3,270601.6875,Dash,-2
-3,267037.0,Dash,-2
-3,263472.375,Dash,-2
-3,259907.734375,Melee,-2
-3,256343.09375,Melee,-2
-3,252778.453125,Melee,-2
-3,249213.796875,Melee,-2
-3,245649.15625,Melee,-2
-3,242084.515625,Melee,-2
-3,238519.875,Melee,-2
1,238519.875,Run,-2
1,238519.875,Dash,-2
1,239874.4375,Run,-2
1,241228.984375,Jump,-2
1,242583.546875,Jump,-2
1,243938.109375,Run,-2
1,245292.671875,Run,-2
8,244725.125,Burst,-2
8,244807.8125,Burst,-2
8,246155.015625,Burst,-2
8,247499.5625,Dash,-2
8,248844.328125,Dash,-2
8,250188.875,Dash,-2
8,251533.421875,Dash,-2
8,252877.984375,Jump,-2
8,254222.53125,Run,-2
8,255567.046875,Burst,-2
8,256911.703125,Dash,-2
8,258256.265625,Dash,-2
0,257099.28125,Run,-1
0,255943.28125,Run,-1
0,254787.28125,Run,-1
0,253631.296875,Run,-1
0,252475.296875,Run,-1
0,251319.3125,Run,-1
0,250163.3125,Run,-1
0,249007.3125,Run,-1
-1,248636.578125,Run,-1
8,247195.1875,Jump,-1
8,245831.390625,Jump,-1
8,245889.734375,Jump,-1
8,246025.65625,Jump,-1
8,247583.734375,Run,-1
8,249219.40625,Dash,-1
8,250932.65625,Dash,-1
8,252723.515625,Run,-1
8,254240.125,Run,-1
8,255584.796875,Run,-1
8,256929.34375,Dash,-1
8,256929.34375,Dash,-1
8,256929.34375,Dash,-1
8,253817.25,Dash,-2
8,250705.15625,Dash,-2
8,247593.0625,Melee,-2
8,244480.96875,Melee,-2
8,241368.875,Melee,-2
8,238256.78125,Melee,-2
8,235144.703125,Melee,-2
8,233166.046875,Melee,-2
8,231134.625,Melee,-2
8,229050.40625,Melee,-2
8,226913.03125,Melee,-2
8,224723.65625,Melee,-2
8,222481.125,Melee,-2
8,222560.34375,Melee,-2
8,222718.8125,Melee,-2
8,222956.515625,Melee,-2
8,223273.4375,Melee,-2
8,223669.625,Melee,-2
1,224145.015625,Melee,-2
-2,224583.75,Run,-2
-2,225585.25,Run,-2
-2,226586.75,Run,-2
-2,227588.25,Run,-2
-2,228589.75,Run,-2
-2,229591.25,Run,-2
-1,230592.75,Run,-2
-1,230592.75,Run,-2
-1,230592.75,Run,-2
1,230592.75,Run,-2
1,230592.75,Run,-2
1,229591.25,Run,-2
1,228589.75,Burst,-2
1,227588.25,Run,-2
1,226586.75,Run,-2
2,225585.25,Run,-2
2,222678.5625,Run,-2
2,219854.34375,Run,-2
2,217109.390625,Run,-2
1,214443.6875,Run,-2
1,213283.6875,Jump,-2
1,212202.9375,Run,-2
1,211201.4375,Jump,-2
1,210279.1875,Run,-2
1,209436.1875,Run,-2
1,206883.671875,Run,-2
1,205570.375,Jump,-2
1,205876.046875,Run,-2
1,204605.703125,Melee,-2
1,205033.8125,Melee,-2
1,204491.125,Melee,-2
8,204097.734375,Melee,-2
8,203855.25,Melee,-2
8,203765.703125,Melee,-3
8,202358.96875,Melee,-3
8,201026.125,Melee,-3
8,198890.5,Melee,-3
8,196618.15625,Melee,-3
8,194357.8125,Melee,-3
8,192109.625,Melee,-3
8,189873.53125,Melee,-3
8,189126.9375,Melee,-3
8,188580.921875,Melee,-3
8,188114.15625,Melee,-3
8,188723.28125,Melee,-3
8,189411.96875,Melee,-3
8,190179.578125,Melee,-3
8,191026.4375,Melee,-3
8,191952.53125,Melee,-3
8,192957.859375,Melee,-3
8,194042.6875,Melee,-3
8,195206.46875,Melee,-3
8,196449.484375,Melee,-3
8,197771.75,Melee,-3
8,199173.234375,Melee,-3
8,200654.140625,Melee,-3
8,202214.09375,Melee,-3
8,202856.59375,Melee,-3
8,203578.3125,Melee,-3
8,204379.28125,Melee,-3
8,205259.46875,Melee,-3
8,205222.203125,Dash,-4
8,205263.75,Dash,-4
1,206381.640625,Run,-4
1,207578.75,Melee,-4
1,207858.40625,Melee,-4
1,208217.3125,Melee,-4
1,208038.90625,Melee,-4
8,207042.21875,Melee,-4
8,206045.5,Melee,-4
8,205049.46875,Melee,-5
8,204052.75,Melee,-5
8,203056.0625,Melee,-5
8,202059.359375,Burst,-5
8,201062.65625,Melee,-5
8,200065.921875,Dash,-5
8,199069.203125,Dash,-5
8,198072.5,Dash,-5
8,197075.8125,Dash,-5
8,196079.125,Burst,-5
8,195082.109375,Burst,-5
8,194085.40625,Burst,-5
8,193088.71875,Burst,-5
8,192092.03125,Melee,-5
8,191095.328125,Melee,-5
8,190098.203125,Melee,-5
8,189101.484375,Melee,-5
8,188104.78125,Melee,-5
8,187108.09375,Melee,-5
8,186111.390625,Melee,-5
8,185114.515625,Melee,-5
8,185114.515625,Melee,-5
8,185114.515625,Melee,-5
8,185114.515625,Melee,-5
8,185114.515625,Melee,-5
8,186111.203125,Run,-5
8,187108.3125,Dash,-6
8,188494.34375,Run,-6
8,189892.28125,Run,-6
1,190286.0625,Run,-6
1,190679.875,Run,-6
8,192107.375,Burst,-6
8,193549.65625,Run,-6
8,195006.84375,Dash,-6
8,195929.375,Dash,-7
8,194500.578125,Dash,-7
8,193019.0,Melee,-7
8,191484.65625,Melee,-7
8,189897.78125,Melee,-7
8,187339.859375,Burst,-7
8,184781.9375,Melee,-7
8,182224.03125,Melee,-7
8,179666.125,Melee,-7
8,177108.21875,Melee,-7
8,173764.21875,Run,-7
8,170472.78125,Dash,-7
8,167234.375,Dash,-7
8,164048.75,Dash,-7
8,164339.15625,Dash,-7
8,164688.375,Burst,-7
8,166570.53125,Burst,-7
8,167307.375,Burst,-7
8,168044.234375,Burst,-7
8,168781.078125,Burst,-7
8,169517.921875,Burst,-7
8,170254.953125,Burst,-7
8,170991.78125,Burst,-7
8,171728.625,Burst,-7
8,172465.46875,Burst,-7
8,173202.3125,Burst,-7
8,173939.375,Burst,-7
8,174676.21875,Burst,-7
-1,174676.21875,Burst,-7
5,174676.21875,Run,-7
5,174676.21875,Run,-7
5,174676.21875,Run,-7
5,174676.21875,Run,-7
5,174676.21875,Run,-7
5,174676.21875,Run,-7
5,174676.21875,Run,-7
5,174676.21875,Run,-7
5,174676.21875,Run,-7
5,174676.21875,Run,-7
1,174676.21875,Run,-7
-2,174676.21875,Run,-7
-2,175413.0625,Run,-7
-3,176149.90625,Run,-7
-3,178088.984375,Run,-7
-3,180028.0625,Run,-7
-3,181967.125,Run,-7
-3,183906.21875,Run,-7
-3,185845.28125,Run,-7
-3,187784.375,Run,-7
-3,191038.65625,Run,-7
-3,194425.0625,Run,-7
-3,197943.671875,Run,-7
-3,201594.5,Run,-7
-3,205374.859375,Run,-7
-3,209241.953125,Run,-7
1,208708.71875,Run,-7
-2,209894.46875,Run,-7
-2,211986.375,Run,-7
-2,214177.4375,Run,-7
-2,216467.6875,Run,-7
-2,218857.25,Run,-7
-1,221346.25,Run,-7
-1,223057.5625,Run,-7
1,224848.375,Run,-7
1,226718.6875,Run,-7
1,227761.203125,Dash,-7
1,228410.375,Dash,-7
1,231148.28125,Run,-7
1,233833.375,Dash,-7
1,236465.703125,Run,-7
1,239045.265625,Dash,-7
1,241572.03125,Dash,-7
-2,244046.03125,Run,-7
-2,247569.234375,Run,-7
-2,251092.4375,Run,-7
-2,254615.640625,Run,-8
-2,258138.84375,Run,-8
-2,261662.03125,Run,-8
-2,265185.25,Melee,-8
-2,265185.25,Melee,-8
-2,263954.0,Melee,-8
-2,262720.09375,Melee,-8
-2,261485.46875,Melee,-8
-2,260251.53125,Melee,-8
-2,259017.625,Melee,-8
-2,257783.6875,Melee,-8
-2,256549.75,Melee,-8
-2,255315.125,Melee,-8
-2,256547.65625,Melee,-8
-2,257782.53125,Melee,-8
-2,259016.4375,Melee,-8
1,259016.4375,Melee,-8
-2,259016.4375,Melee,-8
-2,259016.4375,Melee,-8
-2,259016.4375,Melee,-8
-2,259016.4375,Melee,-8
-2,259016.4375,Melee,-8
-2,259016.4375,Melee,-8
-2,259016.4375,Melee,-8
-2,259016.4375,Melee,-8
-2,257782.5,Melee,-8
-2,256548.59375,Melee,-8
-2,255313.953125,Melee,-8
-2,254080.125,Run,-8
-2,252846.1875,Run,-8
-2,251612.25,Run,-8
-2,250378.34375,Run,-8
-2,249143.4375,Dash,-8
-2,247909.875,Dash,-8
-2,246675.9375,Dash,-8
-2,245442.03125,Burst,-8
1,248542.9375,Melee,-8
-2,251643.84375,Melee,-8
-2,253431.65625,Run,-8
-3,255166.71875,Run,-8
-3,254620.4375,Run,-8
-3,253935.28125,Run,-8
-3,253111.21875,Run,-8
-3,252148.28125,Run,-8
-3,251046.4375,Run,-8
-3,249805.71875,Run,-8
-3,248426.09375,Run,-8
-3,246907.59375,Run,-8
-3,242827.09375,Run,-8
-3,238746.5625,Run,-8
-3,233798.03125,Run,-8
-3,228902.28125,Run,-8
1,228060.65625,Run,-8
-2,227217.90625,Run,-8
-2,224875.84375,Run,-8
-2,222553.8125,Run,-8
1,220251.84375,Run,-8
1,220908.0,Run,-8
1,221546.765625,Run,-8
1,222165.5,Burst,-8
1,222764.15625,Dash,-8
-2,224204.4375,Dash,-8
-2,224204.4375,Run,-8
-2,224204.4375,Run,-8
-2,224204.4375,Run,-8
-2,224204.4375,Run,-8
-2,224204.4375,Run,-8
-2,224204.4375,Run,-8
-2,224204.4375,Run,-8
-2,225647.90625,Run,-8
-2,227088.171875,Run,-8
-2,228528.46875,Run,-8
-2,229968.75,Run,-8
-2,229968.75,Run,-8
-2,229968.75,Run,-8
-2,228528.46875,Run,-9
-2,227473.75,Run,-9
-2,226404.25,Run,-9
-2,225319.96875,Run,-9
-2,224220.625,Run,-9
-2,223106.78125,Run,-9
1,223462.78125,Run,-9
1,223818.78125,Run,-9
1,225172.15625,Run,-9
1,225619.53125,Dash,-9
1,226123.5625,Run,-9
1,225276.65625,Run,-9
1,224376.96875,Jump,-9
1,223424.5,Dash,-9
1,222419.25,Run,-9
1,221361.21875,Dash,-9
-2,220250.40625,Dash,-9
-2,217798.109375,Run,-9
-2,215345.8125,Run,-9
-2,212893.5,Run,-9
-2,210441.203125,Run,-9
-2,207988.90625,Run,-10
-2,205536.59375,Run,-10
-2,203084.296875,Run,-10
-2,203362.6875,Run,-10
-2,203698.140625,Dash,-10
0,202008.15625,Run,-9
0,200411.890625,Run,-9
0,198907.34375,Run,-9
0,197490.09375,Run,-9
0,196161.34375,Run,-9
0,194482.65625,Run,-9
0,192633.6875,Melee,-9
0,190800.53125,Melee,-9
-2,190467.40625,Melee,-9
-2,190463.28125,Melee,-9
-2,190459.15625,Melee,-9
-2,190455.03125,Melee,-9
-2,190450.890625,Melee,-9
-2,190446.765625,Melee,-9
-2,190442.625,Melee,-9
-2,190438.5,Melee,-9
-2,190434.375,Melee,-9
-2,191540.125,Dash,-9
-2,192725.125,Dash,-9
-2,192958.6875,Dash,-9
-2,192240.84375,Melee,-9
-2,191602.21875,Melee,-9
-2,191042.84375,Melee,-9
-2,190048.84375,Melee,-9
-2,190048.84375,Melee,-9
-2,191079.53125,Run,-9
-2,192110.1875,Run,-8
-2,193140.828125,Run,-8
1,193140.828125,Dash,-8
1,193140.828125,Melee,-8
1,194171.484375,Melee,-8
1,195202.125,Melee,-8
1,196232.78125,Melee,-8
1,197263.4375,Melee,-8
1,198294.09375,Melee,-8
5,199324.75,Burst,-8
5,199324.75,Burst,-9
5,199770.0,Burst,-9
5,200214.75,Burst,-9
5,200659.5,Burst,-9
5,201104.25,Melee,-9
5,201549.015625,Melee,-9
5,201993.765625,Melee,-9
5,202438.53125,Melee,-9
5,202883.28125,Melee,-9
-1,202760.9375,Melee,-9
-1,202576.0625,Run,-9
-1,202470.40625,Run,-9
1,202444.0,Run,-9
-2,202496.8125,Run,-9
-2,201534.984375,Run,-9
-2,200655.015625,Run,-9
8,199854.28125,Run,-9
8,199132.78125,Run,-9
8,198493.15625,Run,-9
8,197929.65625,Run,-9
8,197445.84375,Run,-9
8,196425.65625,Run,-9
8,195334.40625,Run,-9
8,194243.15625,Run,-9
8,193151.6875,Run,-9
8,193151.6875,Run,-9
8,194242.9375,Jump,-9
8,195334.640625,Run,-9
8,196425.875,Run,-9
8,197517.125,Burst,-9
8,198608.375,Run,-9
8,199699.625,Dash,-9
8,200791.03125,Burst,-9
8,201882.28125,Run,-9
8,202973.53125,Dash,-9
0,201903.28125,Dash,-8
0,200834.296875,Dash,-8
-1,199765.296875,Dash,-8
1,199339.5625,Run,-8
1,200245.140625,Run,-8
1,201229.96875,Jump,-8
1,202294.046875,Run,-7
1,203437.375,Run,-7
1,204659.9375,Run,-8
1,205745.375,Run,-8
1,207005.5625,Melee,-8
1,208422.90625,Melee,-8
1,209876.65625,Melee,-8
8,211084.53125,Melee,-8
8,212371.625,Melee,-8
8,213496.21875,Melee,-8
8,214587.46875,Melee,-8
8,215678.71875,Melee,-8
8,216766.90625,Melee,-8
8,217860.703125,Run,-8
8,218951.9375,Run,-8
8,220043.1875,Run,-8
8,221134.4375,Run,-8
8,222222.4375,Dash,-8
8,223316.375,Dash,-8
8,224407.625,Dash,-8
8,225498.875,Dash,-8
8,226590.125,Melee,-8
8,227679.046875,Melee,-8
8,227679.046875,Melee,-8
8,227679.046875,Melee,-8
8,227679.046875,Melee,-8
8,227679.046875,Burst,-8
8,227679.046875,Melee,-8
8,227679.046875,Melee,-8
8,227679.046875,Melee,-8
8,227679.046875,Melee,-8
8,227679.046875,Melee,-8
8,227679.046875,Melee,-8
8,226589.453125,Melee,-9
8,225498.796875,Melee,-9
8,224407.53125,Burst,-9
8,223316.28125,Melee,-9
8,222225.03125,Melee,-9
8,222225.03125,Melee,-9
1,222225.03125,Melee,-9
-2,222225.03125,Run,-9
-2,223316.28125,Run,-9
-2,224407.53125,Run,-9
-2,225498.78125,Run,-9
-2,226590.03125,Melee,-9
-1,227681.28125,Melee,-9
-1,227681.28125,Melee,-9
-1,227681.28125,Melee,-9
-1,227681.28125,Melee,-9
-1,227681.28125,Melee,-9
-1,227681.28125,Melee,-9
-1,227681.28125,Melee,-9
1,227681.28125,Melee,-9
-2,227681.28125,Melee,-9
-2,228772.53125,Burst,-9
-2,229863.78125,Melee,-9
-2,230955.03125,Melee,-9
-2,232046.28125,Melee,-9
-2,233137.53125,Melee,-9
-2,234228.78125,Melee,-9
-2,235320.03125,Melee,-9
-2,236411.28125,Run,-9
-2,237502.53125,Run,-9
-2,238593.78125,Dash,-9
-3,239685.03125,Run,-9
-3,242556.75,Run,-9
-3,245428.46875,Run,-9
-3,248300.1875,Run,-9
-3,251171.90625,Run,-9
-3,254043.625,Run,-9
-3,256915.34375,Run,-9
-3,259787.0625,Run,-9
-3,262658.78125,Run,-9
-3,265530.5,Run,-9
-3,268402.25,Run,-9
-3,271273.96875,Run,-9
-3,274145.6875,Run,-9
1,274145.6875,Run,-9
-2,274145.6875,Run,-9
-2,275236.9375,Run,-9
-2,276328.1875,Dash,-9
-2,277419.4375,Dash,-9
-2,278510.6875,Dash,-9
-2,279601.96875,Run,-9
-2,280693.21875,Run,-9
-2,281784.46875,Run,-9
-2,282875.75,Run,-9
-2,283967.0,Run,-9
-2,285058.25,Run,-9
-2,286149.5,Run,-9
-2,287240.78125,Run,-9
-2,288332.03125,Run,-9
-2,289423.28125,Run,-9
-2,290514.5625,Run,-9
-1,291605.8125,Run,-9
-1,290794.1875,Run,-9
-1,290062.75,Run,-9
-1,289410.5,Run,-9
-1,288837.5625,Run,-9
-1,288343.8125,Run,-9
-1,287929.375,Jump,-9
-1,287594.15625,Jump,-9
-1,287338.15625,Jump,-9
-1,288302.625,Run,-9
-1,289346.34375,Run,-9
-1,290469.3125,Run,-9
-1,291671.53125,Run,-9
-1,292952.96875,Run,-9
-1,294313.6875,Jump,-9
-1,295753.65625,Jump,-9
-1,297272.84375,Jump,-9
-1,296462.125,Run,-9
-1,295730.6875,Run,-9
-1,295078.4375,Jump,-9
-1,294505.5,Run,-9
-1,294011.75,Jump,-9
-1,293597.3125,Jump,-9
-1,293262.09375,Jump,-9
-1,293006.125,Run,-9
-1,293970.5625,Run,-9
-1,295014.3125,Run,-9
-1,296137.25,Run,-9
-1,297339.46875,Run,-9
-1,298620.90625,Jump,-9
-1,299981.625,Jump,-9
-1,301421.59375,Run,-9
-1,302940.78125,Run,-9
-1,304539.25,Run,-9
-1,306216.9375,Run,-9
-1,307973.90625,Run,-9
-3,309810.09375,Jump,-9
-3,312681.8125,Run,-9
-3,315553.53125,Dash,-9
-3,318425.21875,Run,-9
-3,321296.9375,Run,-9
-3,324168.65625,Run,-9
-3,327040.375,Run,-9
-3,329912.0625,Run,-9
-3,332783.78125,Run,-9
3,334735.65625,Run,-9
3,334735.65625,Run,-9
3,334735.65625,Run,-9
3,334735.65625,Run,-9
-1,334735.65625,Run,-9
-1,334790.46875,Run,-9
-1,335213.125,Run,-9
-1,335635.78125,Run,-9
-1,336058.4375,Run,-9
2,336481.09375,Run,-9
2,333889.9375,Run,-9
2,331377.96875,Run,-9
2,328945.3125,Run,-9
2,326591.875,Jump,-9
2,324317.65625,Run,-9
1,322122.75,Jump,-9
1,321290.875,Run,-9
1,320538.25,Run,-9
1,319864.90625,Jump,-9
-1,319270.78125,Jump,-9
-1,320536.375,Jump,-9
-1,321881.25,Run,-9
-1,321070.53125,Run,-9
-1,320339.0625,Jump,-9
-1,319686.875,Jump,-9
-1,319113.875,Run,-9
-1,317873.46875,Run,-9
-1,316367.75,Run,-9
-1,314941.28125,Run,-9
-1,314806.5625,Run,-9
-1,314751.0625,Run,-9
-1,315173.75,Run,-9
-1,315596.40625,Run,-9
2,316019.0625,Run,-9
2,313427.875,Run,-9
2,310915.9375,Jump,-9
2,308483.25,Jump,-9
2,306129.8125,Run,-9
2,303855.625,Run,-9
1,301660.6875,Run,-9
1,300828.8125,Run,-9
1,300076.21875,Run,-9
1,299402.84375,Run,-9
-1,298808.75,Jump,-9
-1,297998.03125,Run,-9
-1,297266.5625,Run,-9
-1,296614.34375,Run,-9
-1,296041.375,Jump,-9
-1,295547.6875,Jump,-9
-1,295133.1875,Jump,-9
-1,294051.28125,Run,-9
-1,293916.5625,Jump,-9
-1,293861.09375,Run,-9
-1,294283.75,Run,-9
2,294706.40625,Run,-9
2,292115.21875,Run,-9
2,289603.28125,Jump,-9
2,287170.625,Jump,-9
2,284817.15625,Jump,-9
2,282542.96875,Run,-9
1,280348.03125,Run,-9
1,279516.1875,Run,-9
1,278763.5625,Run,-9
-1,278090.1875,Run,-9
-1,279276.5625,Run,-9
-1,280542.15625,Jump,-9
-1,279731.46875,Run,-9
-1,279000.0,Run,-9
-1,278347.78125,Jump,-9
-1,277430.15625,Jump,-9
-1,275845.1875,Run,-9
-1,274664.625,Run,-9
1,274664.125,Run,-9
1,273650.5,Jump,-9
1,272717.75,Run,-9
1,271864.25,Run,-9
1,271089.96875,Jump,-9
1,270394.9375,Jump,-9
1,269779.1875,Run,-9
1,269242.65625,Run,-9
1,268785.40625,Run,-9
1,268407.375,Run,-9
1,268108.59375,Run,-9
1,267889.09375,Run,-9
1,267748.8125,Run,-9
1,267687.78125,Run,-9
1,267706.0,Run,-9
1,267803.46875,Run,-9
1,267980.21875,Run,-9
1,268236.1875,Run,-9
1,268571.375,Run,-9
1,268985.875,Run,-9
1,269479.5625,Run,-9
1,270052.53125,Jump,-9
1,270704.75,Jump,-9
1,271436.21875,Run,-9
1,272246.9375,Run,-9
1,273136.90625,Run,-9
1,274106.09375,Jump,-9
1,275154.5625,Jump,-9
1,276282.28125,Jump,-9
1,277489.21875,Jump,-9
1,278775.4375,Jump,-9
1,280140.875,Run,-9
1,281585.59375,Run,-9
1,283109.5625,Run,-9
1,284712.75,Jump,-9
3,286395.1875,Jump,-9
3,283523.5,Run,-9
3,280651.78125,Dash,-9
3,277780.0625,Dash,-9
3,274908.375,Dash,-9
3,272036.625,Jump,-9
3,269164.9375,Dash,-9
3,266293.21875,Run,-9
3,263421.5,Dash,-9
3,260549.796875,Dash,-9
3,257678.09375,Run,-9
3,254806.375,Jump,-9
3,251934.671875,Run,-9
1,249062.953125,Run,-9
1,248050.953125,Jump,-9
1,247118.1875,Jump,-9
1,246264.65625,Run,-9
1,245490.40625,Run,-9
1,244795.40625,Run,-9
1,244179.65625,Run,-9
1,244734.40625,Run,-9
1,245368.390625,Run,-9
1,246081.625,Run,-9
1,246874.125,Run,-9
1,248837.09375,Run,-9
1,250879.328125,Jump,-9
1,253000.8125,Run,-9
1,255201.5625,Run,-9
1,257481.5625,Run,-9
1,259840.78125,Run,-9
1,262279.28125,Jump,-9
1,264797.03125,Run,-9
1,267394.0,Jump,-9
1,268979.0,Run,-9
1,269551.96875,Run,-9
1,270204.15625,Run,-9
1,270935.625,Run,-9
1,271746.34375,Jump,-9
1,272636.3125,Run,-9
1,273605.5,Jump,-9
1,276836.5,Jump,-9
-2,279174.0625,Run,-9
-2,280265.3125,Run,-9
-2,281356.5625,Run,-9
-2,282447.8125,Run,-9
-2,283536.46875,Run,-9
1,284627.71875,Run,-9
1,283536.46875,Run,-9
1,282445.1875,Dash,-9
1,281353.9375,Jump,-9
1,280262.6875,Dash,-9
1,279171.40625,Dash,-9
-2,278080.15625,Dash,-9
-2,279171.40625,Run,-9
-2,280262.6875,Run,-9
-2,281353.9375,Run,-9
-2,282445.1875,Run,-9
-1,283536.46875,Run,-9
-1,283536.46875,Run,-9
-1,283536.46875,Run,-9
-1,283536.46875,Run,-9
-1,283536.46875,Run,-9
-1,283536.46875,Dash,-9
-1,283536.46875,Run,-9
-1,283536.46875,Run,-9
-1,283536.46875,Run,-9
-1,283536.46875,Run,-9
-1,283536.46875,Run,-9
-1,283536.46875,Run,-9
-1,283536.46875,Run,-9
-1,283536.46875,Run,-9
-1,283536.46875,Run,-9
-1,283536.46875,Run,-9
-1,283536.46875,Run,-9
-1,283536.46875,Run,-9
-1,283536.46875,Run,-9
-1,283536.46875,Run,-9
-1,283536.46875,Run,-9
-1,283536.46875,Run,-9
-1,283536.46875,Run,-9
-1,283536.46875,Dash,-9
-1,283536.46875,Run,-9
-1,283536.46875,Run,-9
-1,283536.46875,Run,-9
-1,283536.46875,Run,-9
-1,283536.46875,Run,-9
-1,283536.46875,Run,-9
-1,283536.46875,Run,-9
-1,214369.0,Run,-9
-1,214369.0,Run,-9
-1,214369.0,Run,-9
-1,214369.0,Run,-9
-1,213751.5,Run,-9
-1,213134.0,Run,-9
-1,212516.484375,Run,-9
-1,211898.984375,Run,-9
-1,211281.46875,Run,-9
-1,210663.96875,Run,-9
-1,210046.46875,Run,-9
-1,209428.96875,Run,-9
-1,208811.46875,Run,-9
-1,208193.96875,Run,-9
-1,207576.453125,Run,-9
-1,206958.953125,Dash,-9
-1,206341.4375,Run,-9
-1,204695.5,Run,-9
-1,203070.5,Run,-9
-1,201445.5,Run,-9
-1,199820.5,Run,-9
-1,198195.5,Run,-9
-1,196570.5,Run,-9
-1,194945.5,Run,-9
-1,193320.5,Run,-9
-1,191695.484375,Run,-9
-1,190070.484375,Run,-9
-1,188445.484375,Run,-9
-1,186820.484375,Run,-9
-1,186820.484375,Run,-9
-1,186820.484375,Run,-9
-1,186202.984375,Run,-9
-1,185585.484375,Run,-9
-1,184967.984375,Dash,-9
-1,184350.5,Run,-9
-1,183733.0,Run,-9
-1,183115.5,Run,-9
-1,182498.0,Run,-9
-1,181880.5,Run,-9
-2,181263.0,Run,-9
-2,180645.5,Run,-9
-2,180028.0,Run,-9
-2,179410.5,Run,-9
-2,178793.0,Run,-9
-2,178175.5,Run,-9
-2,177558.0,Run,-9
-2,176940.515625,Run,-9
-2,176323.015625,Run,-9
-2,175705.515625,Run,-9
-2,175088.015625,Run,-9
-2,174470.53125,Run,-9
-2,173853.03125,Run,-9
-2,173235.53125,Run,-9
-2,172618.03125,Run,-10
-2,172800.65625,Run,-10
-2,172983.0625,Run,-10
-2,173165.46875,Run,-10
-2,173347.875,Run,-10
-1,173530.296875,Run,-10
-1,173712.71875,Run,-10
-2,173895.125,Run,-10
-2,173713.5625,Dash,-10
-2,172903.28125,Run,-10
-2,171278.28125,Run,-10
-2,169653.28125,Run,-10
-2,168028.265625,Run,-10
-2,166403.265625,Run,-10
-2,164778.265625,Run,-10
-2,163153.265625,Run,-10
-2,161528.265625,Run,-11
-2,159903.25,Run,-11
-2,158278.25,Run,-11
-2,156653.25,Run,-11
-2,155028.25,Run,-11
-2,153403.25,Run,-11
-2,151778.25,Run,-11
-2,151243.078125,Run,-11
-2,150787.21875,Run,-11
-2,150410.453125,Run,-11
-2,150112.53125,Run,-11
-1,149893.28125,Run,-11
-1,149752.546875,Run,-11
-1,149690.3125,Dash,-11
-1,149227.78125,Run,-11
-1,148610.3125,Run,-11
0,147153.453125,Dash,-10
0,145718.875,Dash,-10
0,144299.078125,Dash,-10
0,142894.15625,Dash,-10
0,141504.40625,Dash,-10
0,140130.09375,Dash,-10
0,138771.53125,Dash,-10
1,137842.6875,Melee,-10
1,137099.75,Melee,-10
1,137686.734375,Burst,-10
3,138352.953125,Burst,-10
3,140173.40625,Burst,-10
3,141993.875,Burst,-10
3,143814.328125,Melee,-10
3,145634.78125,Melee,-10
-3,147455.25,Melee,-10
-3,149275.703125,Melee,-10
-3,151096.15625,Melee,-10
-3,152916.625,Melee,-10
-3,154737.078125,Melee,-10
-3,156557.53125,Melee,-10
-3,158378.0,Melee,-10
-3,160198.46875,Melee,-10
-1,162018.921875,Melee,-10
-1,162789.9375,Run,-10
-1,163640.171875,Run,-10
8,164569.640625,Jump,-10
8,165578.34375,Jump,-10
8,166666.28125,Jump,-10
8,167833.453125,Jump,-10
8,169079.875,Jump,-10
8,169954.8125,Jump,-10
8,170643.5625,Jump,-10
8,171338.03125,Run,-10
8,172029.796875,Run,-10
8,172721.5625,Run,-10
8,172029.796875,Burst,-10
8,171338.03125,Burst,-10
8,170646.25,Burst,-10
8,169952.65625,Jump,-10
8,169262.578125,Dash,-10
8,168570.78125,Run,-10
8,170451.3125,Run,-10
8,172279.0625,Dash,-10
8,174051.78125,Run,-10
8,175776.1875,Run,-10
0,178612.578125,Run,-10
0,181487.46875,Melee,-10
0,184401.25,Burst,-10
0,187353.90625,Melee,-10
0,190345.46875,Melee,-10
0,193375.90625,Melee,-10
0,196445.25,Melee,-10
8,198959.03125,Dash,-10
8,197765.71875,Dash,-10
8,196651.625,Dash,-10
8,195510.03125,Dash,-10
8,194273.9375,Dash,-10
8,192974.921875,Dash,-10
8,191657.53125,Dash,-10
8,190350.90625,Burst,-10
8,189071.1875,Melee,-10
8,190500.71875,Melee,-11
8,192562.75,Melee,-11
8,194506.21875,Melee,-11
8,196068.03125,Melee,-11
8,197644.46875,Melee,-11
8,199235.09375,Melee,-11
8,200840.125,Melee,-11
8,202459.59375,Melee,-11
8,203512.625,Melee,-11
8,203468.71875,Melee,-11
8,202471.625,Melee,-11
8,201553.75,Melee,-11
8,200715.125,Melee,-11
8,199955.734375,Melee,-11
8,201340.40625,Melee,-12
8,202452.890625,Melee,-12
8,203485.3125,Melee,-12
8,204517.734375,Melee,-12
8,205550.25,Dash,-12
8,206582.65625,Dash,-12
8,207615.0625,Dash,-12
8,208647.5,Dash,-12
1,208647.5,Dash,-12
1,208647.5,Run,-12
8,207615.0625,Run,-12
8,206582.65625,Run,-12
8,205550.234375,Run,-12
8,204516.96875,Dash,-12
8,203485.65625,Burst,-12
8,202453.21875,Burst,-12
8,202453.21875,Burst,-12
8,202453.21875,Melee,-12
8,202453.21875,Melee,-12
8,202453.21875,Melee,-12
8,202453.21875,Melee,-12
8,202453.21875,Melee,-12
8,202453.21875,Melee,-12
8,202453.21875,Melee,-12
8,202453.21875,Melee,-12
8,201420.8125,Melee,-12
8,201420.8125,Burst,-12
8,201420.8125,Melee,-12
8,201420.8125,Burst,-12
8,201420.8125,Burst,-12
8,201420.8125,Burst,-12
8,201420.8125,Melee,-12
8,200388.375,Melee,-12
8,199355.5625,Melee,-12
8,200388.765625,Melee,-13
8,201885.3125,Melee,-13
8,203392.765625,Melee,-13
8,204915.0,Melee,-13
8,206452.0,Melee,-13
8,208003.890625,Melee,-13
8,209570.4375,Melee,-13
1,210067.5625,Melee,-13
8,209957.15625,Melee,-13
8,210859.75,Melee,-13
8,211841.59375,Melee,-14
8,212902.65625,Melee,-14
8,214042.65625,Melee,-14
8,215262.484375,Melee,-14
8,216561.25,Melee,-14
8,217939.25,Melee,-14
8,219396.484375,Melee,-14
8,220932.15625,Melee,-14
8,222548.5,Melee,-14
8,222915.0,Melee,-14
8,222915.0,Melee,-14
8,222915.0,Melee,-14
8,222915.0,Melee,-14
8,222915.0,Melee,-14
8,222915.0,Melee,-14
8,222915.0,Melee,-14
8,222915.0,Melee,-14
8,222915.0,Burst,-14
8,222915.0,Melee,-14
8,222915.0,Melee,-14
8,222915.0,Melee,-14
8,222915.0,Melee,-14
8,222915.0,Burst,-14
8,222915.0,Melee,-14
8,221829.3125,Melee,-15
8,220741.546875,Melee,-15
8,219658.125,Melee,-15
8,218572.4375,Dash,-15
8,217486.75,Dash,-15
1,217486.75,Dash,-15
-3,220331.0625,Run,-15
-3,220159.046875,Melee,-15
-3,219868.5,Melee,-15
-3,219436.40625,Melee,-15
-3,218868.09375,Melee,-15
-3,218160.875,Melee,-15
-3,217314.75,Run,-15
-3,216329.765625,Run,-15
-3,215205.875,Run,-15
-3,213943.09375,Run,-15
-3,212541.4375,Run,-15
-3,211000.890625,Run,-15
-3,207310.5,Run,-15
1,207310.5,Run,-15
1,206546.328125,Run,-15
1,207164.46875,Dash,-15
1,207762.546875,Burst,-15
1,208340.5625,Burst,-15
1,209702.8125,Dash,-15
1,211065.0625,Run,-15
1,212427.28125,Run,-15
1,213789.53125,Jump,-15
1,215151.765625,Jump,-15
1,216514.0,Burst,-15
1,217876.25,Run,-15
-2,219238.46875,Run,-15
-2,217876.25,Run,-15
-2,216514.0,Run,-15
-2,215151.765625,Run,-15
-2,213789.53125,Run,-15
-2,213789.53125,Run,-15
-2,213789.53125,Run,-15
-2,213789.53125,Run,-15
-2,213789.53125,Run,-15
-2,213789.53125,Run,-15
-2,213789.53125,Run,-15
-2,213789.53125,Run,-15
-2,213789.53125,Run,-15
-2,212427.28125,Run,-15
-2,211065.0625,Run,-15
-2,212427.28125,Dash,-15
-2,213789.53125,Run,-15
-2,215151.765625,Run,-15
-2,216514.0,Dash,-15
-2,217873.46875,Dash,-15
-2,219237.625,Run,-15
-2,220599.84375,Run,-15
-2,221962.0625,Burst,-15
-2,223324.3125,Burst,-15
1,223324.3125,Dash,-15
1,223324.3125,Run,-15
1,224686.546875,Jump,-15
1,226048.78125,Dash,-15
1,227411.03125,Burst,-15
1,228773.265625,Dash,-15
-2,230135.5,Dash,-15
-2,230135.5,Run,-15
-2,230135.5,Run,-15
-2,230135.5,Run,-15
-2,230135.5,Run,-15
-2,230135.5,Run,-15
-2,230135.5,Run,-15
-2,230135.5,Run,-15
-2,228773.265625,Run,-15
-2,227411.03125,Run,-16
-2,226465.40625,Run,-16
-2,225504.9375,Run,-16
-2,225914.109375,Run,-16
-2,226323.28125,Run,-16
-2,228131.625,Jump,-16
-2,229954.75,Run,-16
-2,231792.65625,Run,-16
-2,233082.59375,Run,-16
-2,233347.15625,Run,-16
1,232277.46875,Run,-16
1,231287.28125,Run,-16
1,231751.90625,Run,-16
1,232275.75,Run,-16
1,232858.6875,Run,-16
-2,233500.6875,Run,-16
-2,231530.96875,Run,-16
-2,229660.125,Run,-16
-2,227888.125,Run,-16
-2,226018.21875,Run,-16
-2,221853.59375,Run,-16
-2,219433.3125,Run,-16
-2,217112.625,Run,-16
-2,214891.40625,Run,-16
-2,212769.46875,Run,-16
-2,210746.65625,Run,-16
-2,208822.8125,Run,-16
-2,206997.8125,Run,-16
-2,205271.625,Run,-16
-3,203644.234375,Run,-16
-3,200165.765625,Run,-16
-3,196369.609375,Run,-16
-3,190561.109375,Run,-16
-3,186529.03125,Run,-16
-3,182627.1875,Run,-16
-3,178859.03125,Run,-16
-3,175222.71875,Run,-16
-3,171718.171875,Run,-16
-3,168345.34375,Run,-16
-3,165104.28125,Run,-16
-3,161995.0,Run,-16
-3,159017.53125,Run,-16
1,159000.671875,Run,-16
-2,158613.5,Run,-16
-2,155106.59375,Run,-16
-2,153342.1875,Run,-16
-2,151677.15625,Run,-16
-1,150111.4375,Run,-16
-1,149659.78125,Run,-16
1,149287.328125,Run,-16
1,148994.03125,Run,-16
1,149764.625,Run,-16
1,150594.296875,Dash,-16
-2,151483.046875,Run,-16
-2,150067.953125,Run,-16
-2,148652.84375,Run,-16
-2,147237.75,Run,-16
-2,145822.65625,Run,-16
-2,144407.546875,Run,-17
-2,142992.453125,Run,-17
-2,141577.34375,Run,-17
-2,140162.25,Run,-17
-2,139477.125,Dash,-17
0,137285.109375,Run,-16
0,135132.75,Melee,-16
0,133019.25,Melee,-16
0,130944.6015625,Melee,-16
0,130331.4453125,Melee,-16
0,129796.03125,Melee,-16
0,129337.8203125,Melee,-16
1,129243.3203125,Melee,-16
1,129087.0078125,Melee,-16
1,129009.9453125,Melee,-16
-1,129012.1328125,Melee,-16
-1,128471.953125,Burst,-16
-1,128011.015625,Melee,-16
-1,127629.3359375,Jump,-16
-1,127326.90625,Run,-16
-1,127103.71875,Run,-16
-1,126959.7890625,Run,-16
-2,126776.71875,Run,-16
-2,126155.1015625,Run,-16
-1,125533.484375,Run,-16
1,125533.484375,Run,-16
1,125533.484375,Run,-16
1,126152.4375,Dash,-16
1,126774.0546875,Dash,-16
1,127395.671875,Run,-16
1,128017.2890625,Burst,-16
3,128638.90625,Dash,-16
3,130274.734375,Run,-16
3,131910.5625,Jump,-15
3,133546.40625,Burst,-15
3,135182.234375,Burst,-15
3,136818.0625,Melee,-15
3,138453.90625,Melee,-15
-3,140089.71875,Melee,-15
-3,141725.5625,Melee,-15
-3,143361.390625,Melee,-15
-3,144997.21875,Melee,-15
-3,146633.0625,Melee,-15
-3,148268.890625,Melee,-15
1,148268.890625,Melee,-15
-2,148268.890625,Run,-15
-2,148890.5,Run,-15
-2,149512.125,Run,-15
-2,150133.734375,Run,-15
-2,150755.359375,Run,-15
-2,151376.96875,Run,-15
-2,151998.578125,Run,-15
-1,152620.1875,Run,-15
-1,152620.1875,Run,-15
-1,152620.1875,Run,-15
1,152620.1875,Run,-15
1,152620.1875,Run,-15
1,151998.578125,Jump,-15
1,151376.96875,Jump,-15
1,150755.359375,Dash,-15
1,150133.734375,Run,-15
1,149512.125,Run,-15
1,148890.5,Run,-15
1,148268.875,Run,-15
0,148461.796875,Dash,-14
0,148654.6875,Dash,-14
0,148847.578125,Dash,-14
0,149040.453125,Dash,-14
0,149233.34375,Dash,-14
0,149426.234375,Dash,-14
0,149619.125,Dash,-14
-1,149445.59375,Dash,-14
-1,149881.3125,Jump,-14
-1,152607.15625,Jump,-14
-1,155464.765625,Jump,-14
-1,158454.125,Run,-13
-1,161575.25,Run,-13
8,164828.125,Run,-13
8,168212.78125,Melee,-13
8,171729.1875,Melee,-13
8,175377.34375,Melee,-13
8,179157.25,Melee,-13
8,181090.1875,Melee,-14
8,182573.640625,Melee,-14
8,184005.796875,Melee,-14
8,183069.09375,Melee,-14
8,182132.421875,Melee,-14
8,181195.75,Melee,-14
8,180258.046875,Melee,-14
8,179322.046875,Melee,-14
8,178385.359375,Burst,-14
8,177448.6875,Burst,-14
8,176512.015625,Melee,-14
8,175573.875,Melee,-14
8,174638.375,Melee,-14
8,173701.6875,Melee,-14
8,173701.6875,Melee,-14
8,173701.6875,Melee,-14
8,174638.359375,Jump,-14
8,175575.03125,Jump,-14
8,176508.65625,Run,-15
8,177181.015625,Run,-15
8,177932.796875,Melee,-15
8,178763.8125,Melee,-15
8,179674.0625,Melee,-15
8,180661.0625,Melee,-15
8,181731.703125,Melee,-15
8,182879.640625,Burst,-15
1,183087.3125,Burst,-15
1,183087.3125,Melee,-15
1,184024.0,Melee,-15
8,184960.65625,Melee,-15
8,185897.34375,Melee,-15
8,186834.0,Run,-16
8,187770.671875,Burst,-16
8,188707.34375,Burst,-16
8,189644.015625,Burst,-16
8,190579.21875,Run,-16
8,190579.21875,Run,-16
8,190579.21875,Run,-16
8,189642.921875,Jump,-17
8,188706.390625,Run,-17
8,187769.71875,Run,-17
8,186833.046875,Run,-17
8,185896.375,Run,-17
8,184958.875,Run,-17
8,184022.578125,Run,-17
8,183085.90625,Run,-17
8,182149.25,Melee,-17
8,181212.5625,Melee,-17
8,180274.890625,Melee,-17
8,179338.875,Melee,-17
8,180275.53125,Melee,-18
8,181209.71875,Melee,-18
8,182148.28125,Melee,-18
8,183084.9375,Melee,-18
8,184021.625,Melee,-18
8,184958.28125,Melee,-18
8,185893.125,Melee,-18
8,186831.171875,Run,-18
8,187767.84375,Run,-18
8,188704.515625,Run,-18
8,189641.1875,Run,-18
1,189641.1875,Run,-18
-2,189641.1875,Run,-18
-2,190577.84375,Run,-18
-1,191514.53125,Run,-18
-1,191514.53125,Run,-18
-1,191514.53125,Run,-18
-1,191514.53125,Melee,-18
-1,191514.53125,Melee,-18
-1,191514.53125,Melee,-18
-1,191514.53125,Melee,-18
-1,191514.53125,Burst,-18
-1,191514.53125,Melee,-18
-1,191514.53125,Melee,-18
-1,191514.53125,Melee,-18
-1,191514.53125,Melee,-18
-1,191514.53125,Melee,-18
-1,191514.53125,Burst,-18
-1,191514.53125,Melee,-18
-1,191514.53125,Melee,-18
-1,191514.53125,Melee,-18
-1,191514.53125,Melee,-18
-1,191514.53125,Melee,-18
1,191514.53125,Melee,-18
1,191514.53125,Melee,-18
1,190577.84375,Melee,-18
1,189641.1875,Melee,-18
1,188704.515625,Run,-18
-2,187767.84375,Run,-18
-2,186831.171875,Run,-18
-2,185894.5,Dash,-18
-2,184957.828125,Jump,-18
-2,184021.15625,Run,-18
-2,184021.15625,Run,-18
-2,184021.15625,Run,-18
-2,184021.15625,Run,-18
-2,184021.15625,Run,-18
-2,184021.15625,Melee,-18
-2,184021.15625,Melee,-18
-2,184021.15625,Melee,-18
-2,183084.484375,Melee,-18
-2,182147.8125,Melee,-18
-2,181211.140625,Melee,-18
-2,180273.46875,Melee,-18
-2,179337.4375,Melee,-18
-2,178400.75,Melee,-18
-2,177464.078125,Melee,-18
-2,176527.40625,Melee,-18
-2,175589.3125,Melee,-18
-2,174653.75,Burst,-18
-2,173717.0625,Burst,-18
1,173717.0625,Burst,-18
-2,173717.0625,Run,-18
-2,172780.390625,Run,-18
-2,171843.71875,Dash,-18
-2,170907.03125,Run,-18
-2,169970.375,Run,-18
-2,169033.6875,Run,-18
-2,168097.015625,Run,-18
-2,167160.34375,Run,-18
-2,166223.65625,Run,-18
-2,165286.984375,Run,-18
-2,164350.3125,Run,-18
-2,163413.625,Run,-18
-2,162476.953125,Run,-18
-2,161540.28125,Run,-18
-2,160603.609375,Run,-18
-2,159666.9375,Run,-18
-2,158730.25,Run,-18
-2,157793.578125,Run,-18
-2,156856.90625,Run,-18
-2,155920.21875,Run,-18
-2,154983.546875,Run,-18
-2,154046.875,Run,-18
-2,153110.203125,Run,-18
-2,152173.53125,Run,-18
-2,151236.84375,Run,-18
-1,150300.171875,Run,-18
-1,147458.375,Jump,-18
-1,144698.953125,Run,-18
-1,142018.796875,Jump,-18
-1,139417.890625,Jump,-18
-1,136896.21875,Jump,-18
-1,134453.8125,Run,-18
-1,132090.65625,Run,-18
-1,129806.734375,Run,-18
-1,127602.0703125,Run,-18
-1,125476.65625,Jump,-18
-1,123430.4921875,Jump,-18
-1,121463.578125,Run,-18
-1,120431.8046875,Run,-18
-1,119479.2890625,Jump,-18
-1,118606.015625,Jump,-18
-1,117812.0,Run,-18
-1,117097.21875,Run,-18
-1,116461.6953125,Run,-18
-1,115905.4296875,Run,-18
-1,113066.7734375,Run,-18
-1,110307.359375,Run,-18
-1,107627.203125,Run,-18
-1,105026.296875,Run,-18
-1,102504.640625,Jump,-18
-1,100586.6015625,Run,-18
-1,99160.109375,Run,-18
-1,97812.875,Run,-18
-1,97686.078125,Jump,-18
-1,97638.53125,Run,-18
-1,98061.1875,Run,-18
-1,98483.8515625,Run,-18
-1,98906.515625,Run,-18
2,99329.171875,Run,-18
2,98018.7734375,Jump,-18
2,96787.625,Jump,-18
2,95635.7265625,Jump,-18
2,94563.078125,Run,-18
2,93569.671875,Run,-18
2,92655.515625,Run,-18
1,91820.609375,Run,-18
1,92277.4765625,Jump,-18
1,92813.578125,Jump,-18
-1,93428.9375,Run,-18
-1,92595.2890625,Run,-18
-1,89756.6328125,Run,-18
-1,86997.2265625,Run,-18
-1,84317.0703125,Jump,-18
-1,81716.1640625,Run,-18
-1,79194.5,Jump,-18
-1,77392.96875,Run,-18
-1,75966.484375,Run,-18
-1,75831.765625,Run,-18
-1,75776.2890625,Run,-18
-1,76198.953125,Run,-18
-1,76621.609375,Run,-18
2,77044.2734375,Run,-18
2,75733.875,Run,-18
2,74502.7265625,Run,-18
2,73350.828125,Run,-18
2,72278.171875,Run,-18
1,71284.765625,Run,-18
1,71725.78125,Run,-18
1,72246.0390625,Run,-18
1,72845.546875,Run,-18
1,73524.296875,Run,-18
-1,74282.3046875,Jump,-18
-1,73591.3046875,Jump,-18
-1,72979.546875,Run,-18
-1,70140.890625,Jump,-18
-1,67381.484375,Run,-18
-1,64701.328125,Run,-18
-1,62100.421875,Run,-18
-1,60515.43359375,Run,-18
1,59009.69921875,Run,-18
1,59803.7265625,Run,-18
1,60677.0,Run,-18
1,61629.5234375,Run,-18
1,62661.296875,Run,-18
1,63772.3203125,Run,-18
1,64962.58984375,Run,-18
1,66232.109375,Run,-18
1,67580.8828125,Run,-18
1,69008.90625,Run,-18
1,70516.171875,Run,-18
1,72102.6953125,Run,-18
1,73768.46875,Jump,-18
1,75513.484375,Jump,-18
1,77337.75,Jump,-18
1,79241.265625,Run,-18
1,81224.03125,Jump,-18
1,83286.046875,Jump,-18
1,85427.3125,Jump,-18
1,87647.828125,Jump,-18
1,89947.59375,Run,-18
1,91389.9375,Run,-18
1,92911.515625,Run,-18
1,94512.359375,Run,-18
1,96192.4375,Run,-18
1,97951.78125,Run,-18
1,99790.359375,Jump,-18
1,101708.1953125,Run,-18
1,103705.28125,Run,-18
1,105781.609375,Run,-18
1,107937.1875,Run,-18
1,110172.0234375,Run,-18
1,112486.109375,Jump,-18
1,114879.4375,Run,-18
1,117352.015625,Run,-18
1,119903.84375,Run,-18
1,122534.921875,Run,-18
1,125245.25,Run,-18
1,128034.8125,Jump,-18
1,130903.640625,Run,-18
1,133851.703125,Run,-18
1,136879.015625,Jump,-18
1,139985.59375,Run,-18
1,143155.5625,Run,-18
1,146325.53125,Jump,-18
-1,146449.359375,Jump,-18
-1,146449.359375,Run,-18
-1,146449.359375,Run,-18
-1,146449.359375,Run,-18
-1,146449.359375,Run,-18
-1,146449.359375,Run,-18
-1,146449.359375,Run,-18
-1,146449.359375,Run,-18
-1,146449.359375,Run,-18
-1,146449.359375,Run,-18
-1,146449.359375,Run,-18
-1,146449.359375,Run,-18
-1,146449.359375,Run,-18
-1,146449.359375,Run,-18
-1,146449.359375,Run,-18
-1,146449.359375,Run,-18
-1,146449.359375,Run,-18
-1,146449.359375,Run,-18
-1,146449.359375,Run,-18
-1,146449.359375,Run,-18
-1,146449.359375,Run,-18
-1,146449.359375,Dash,-18
-1,146449.359375,Run,-18
-1,146449.359375,Run,-18
-1,146449.359375,Run,-18
-1,146449.359375,Run,-18
-1,146449.359375,Run,-18
-1,146449.359375,Run,-18
-1,146449.359375,Run,-18
-1,146449.359375,Run,-18
-1,146449.359375,Run,-18
-1,146449.359375,Run,-18
-1,146449.359375,Run,-18
-1,146449.359375,Run,-18
-1,146449.359375,Dash,-18
-1,146449.359375,Run,-18
-1,146449.359375,Run,-18
-1,146449.359375,Run,-18
-1,146449.359375,Run,-18
-1,146449.359375,Run,-18
-1,146449.359375,Run,-18
-1,146449.359375,Run,-18
-1,146449.359375,Run,-18
-1,146449.359375,Run,-18
-1,146449.359375,Run,-18
-1,146449.359375,Run,-18
-1,146449.359375,Run,-18
-1,146449.359375,Run,-18
-1,146449.359375,Run,-18
-1,146449.359375,Run,-18
-1,146449.359375,Run,-18
-1,146449.359375,Run,-18
-1,146449.359375,Run,-18
-1,146449.359375,Run,-18
-1,146449.359375,Dash,-18
-1,146449.359375,Run,-18
-1,146449.359375,Run,-18
-1,146449.359375,Run,-18
-1,146449.359375,Run,-18
-1,146449.359375,Run,-18
-1,146449.359375,Run,-18
-1,146449.359375,Run,-18
-1,146449.359375,Run,-18
-1,146449.359375,Run,-18
-1,146449.359375,Run,-18
-1,146449.359375,Run,-18
-1,146449.359375,Run,-18
-1,146449.359375,Run,-18
-1,146449.359375,Run,-18
-1,146449.359375,Run,-18
-1,146449.359375,Run,-18
-1,146449.359375,Run,-18
-1,146449.359375,Run,-18
-1,146449.359375,Run,-18
-1,146449.359375,Run,-18
-1,146449.359375,Run,-18
-1,146449.359375,Run,-18
-1,146449.359375,Run,-18
-1,146449.359375,Run,-18
-1,146449.359375,Run,-18
-1,146449.359375,Run,-18
-1,146449.359375,Run,-18
-1,146449.359375,Run,-18
-1,146449.359375,Run,-18
-1,146449.359375,Run,-18
-1,146449.359375,Run,-18
-1,146449.359375,Run,-18
-1,146449.359375,Run,-18
-1,146449.359375,Run,-18
-1,146449.359375,Run,-18
-1,146449.359375,Run,-18
-1,146449.359375,Run,-18
-1,146449.359375,Run,-18
-1,146449.359375,Run,-18
-1,214369.0,Run,-18
-1,214369.0,Dash,-18
-1,214369.0,Run,-18
-1,212744.0,Run,-18
-1,211098.046875,Run,-18
-1,209473.0625,Dash,-18
-1,207848.0625,Run,-18
-1,206223.0625,Run,-18
-1,204598.0625,Run,-18
-1,202973.0625,Run,-18
-1,201348.0625,Run,-18
-1,199723.0625,Run,-18
-1,198098.0625,Run,-18
-1,196473.0625,Run,-18
-2,194848.0625,Run,-18
-2,194848.0625,Run,-18
-2,194848.0625,Run,-18
-2,194230.5625,Run,-18
-2,193613.0625,Dash,-18
-2,192995.5625,Run,-18
-2,192378.0625,Run,-18
-2,191760.5625,Run,-18
-2,191143.078125,Run,-18
-2,190525.578125,Run,-18
-2,189908.078125,Run,-18
-2,189290.578125,Run,-18
-2,188673.09375,Run,-18
-2,188055.59375,Run,-18
-2,187438.09375,Run,-18
-2,186820.59375,Run,-18
-2,186203.09375,Run,-18
-2,185585.59375,Run,-18
-2,184968.09375,Run,-18
-1,184350.59375,Run,-18
-1,183733.09375,Run,-19
-1,183902.9375,Run,-19
-2,184072.578125,Run,-19
-2,184242.21875,Run,-19
-2,184411.84375,Run,-19
-2,184581.5,Run,-19
-2,184751.125,Run,-19
-2,184920.75,Run,-19
-2,184726.59375,Run,-19
-2,183903.5,Run,-19
-2,183159.734375,Run,-19
-2,182495.25,Run,-19
-2,181910.03125,Run,-19
-2,181404.0625,Run,-19
-2,180977.34375,Run,-19
-2,180629.8125,Dash,-19
-2,180361.46875,Run,-19
-2,178736.46875,Run,-19
-2,177111.46875,Run,-19
-2,175486.46875,Run,-20
-2,173861.46875,Run,-20
-1,172236.453125,Dash,-20
-1,170611.453125,Run,-20
-2,168986.453125,Run,-20
-2,167361.453125,Run,-20
-2,165736.4375,Run,-20
-2,164111.4375,Run,-20
-2,162486.4375,Dash,-20
-2,160861.4375,Run,-20
-2,159236.4375,Run,-20
-2,158698.953125,Run,-21
-2,158599.265625,Dash,-21
-2,158499.578125,Run,-21
-2,158399.890625,Run,-21
-2,158300.203125,Run,-21
-2,158200.515625,Run,-21
-2,158100.828125,Run,-21
-2,158219.734375,Run,-21
-2,158303.1875,Run,-21
-2,157769.96875,Run,-21
-2,157316.234375,Run,-21
-2,156941.6875,Run,-21
-2,156646.171875,Run,-21
-2,156429.484375,Run,-21
-2,156291.46875,Run,-21
-2,156231.96875,Run,-21
-2,156250.90625,Dash,-21
-2,156348.21875,Dash,-21
-2,156523.984375,Dash,-21
-2,156576.203125,Dash,-22
-2,155960.859375,Dash,-22
-2,155343.34375,Dash,-22
-2,154725.84375,Dash,-22
-2,154108.359375,Dash,-22
-2,153490.859375,Dash,-22
-2,151863.15625,Dash,-22
-2,150238.15625,Dash,-22
-2,148613.15625,Dash,-22
0,146161.125,Dash,-21
0,143755.5,Dash,-21
0,141388.75,Dash,-21
0,139060.890625,Dash,-21
0,136771.921875,Melee,-21
0,134521.84375,Melee,-21
0,132310.65625,Melee,-21
-1,130474.8125,Melee,-21
-1,129073.0234375,Melee,-21
-1,128968.1875,Run,-21
1,128942.796875,Run,-21
1,128996.8515625,Jump,-21
1,129130.3515625,Jump,-21
-1,129343.3046875,Run,-21
-1,130180.09375,Run,-21
-1,131096.328125,Run,-21
-1,132092.0,Run,-21
-1,133167.125,Melee,-21
-2,134070.203125,Melee,-21
-2,134614.59375,Melee,-21
-2,135158.96875,Melee,-21
-2,135703.375,Melee,-21
-2,136247.75,Melee,-21
-3,136792.140625,Melee,-21
-3,138224.75,Burst,-21
-3,139657.34375,Melee,-21
-3,141089.9375,Melee,-21
-3,142522.546875,Melee,-21
-3,143955.140625,Melee,-21
-3,145387.75,Melee,-21
-3,146820.34375,Melee,-21
-3,148252.953125,Melee,-21
-3,149685.546875,Run,-21
-3,151118.15625,Run,-21
-3,152550.75,Run,-21
-3,153983.359375,Run,-21
-1,153983.359375,Run,-21
1,153983.359375,Run,-21
-2,153983.359375,Run,-21
-2,154527.75,Run,-21
-2,155072.125,Run,-21
-2,153695.75,Run,-21
-2,155078.453125,Run,-21
-2,156560.25,Run,-21
-2,158141.203125,Run,-21
-2,159821.40625,Run,-21
-2,161600.9375,Run,-21
-2,163479.875,Run,-21
-2,165458.296875,Run,-21
-2,167536.21875,Run,-21
-2,169713.6875,Run,-21
-2,171898.0,Run,-21
-2,171761.71875,Run,-21
-2,173364.625,Run,-21
-2,175066.5625,Run,-21
-2,176867.640625,Run,-21
-2,178767.9375,Run,-21
-2,180767.578125,Run,-21
-2,182866.65625,Run,-21
-2,185065.28125,Run,-21
-2,187363.46875,Run,-21
-2,189761.28125,Run,-21
-2,192258.625,Run,-21
-2,194404.375,Run,-21
-2,196411.140625,Run,-21
-3,198437.953125,Run,-21
-3,201781.8125,Run,-21
-3,205178.453125,Run,-21
-3,208627.875,Run,-21
-3,212130.0625,Run,-21
-3,215685.03125,Run,-21
-3,219292.78125,Dash,-21
-3,222953.296875,Run,-21
-3,229053.6875,Run,-21
-3,235292.96875,Run,-21
-3,241671.125,Run,-21
-3,248188.1875,Run,-21
-3,254844.125,Run,-21
-1,258972.03125,Run,-21
1,263099.9375,Run,-21
-2,267227.84375,Run,-21
-2,272448.375,Run,-21
-2,277721.625,Run,-21
-2,283047.6875,Run,-21
-2,288426.53125,Run,-21
-1,289598.28125,Dash,-21
1,289598.28125,Run,-21
1,291217.0,Run,-21
1,291643.9375,Dash,-21
-5,292050.8125,Burst,-21
-5,293164.75,Run,-21
-5,293164.75,Run,-21
-5,293164.75,Run,-21
-5,293164.75,Run,-21
-5,293164.75,Run,-21
-5,293164.75,Run,-21
-5,293164.75,Run,-21
-5,293164.75,Run,-21
-5,293164.75,Run,-21
-5,293164.75,Run,-21
-5,293164.75,Run,-21
-5,293164.75,Run,-21
-5,293164.75,Run,-21
-5,293164.75,Run,-21
-5,293164.75,Run,-21
-5,293164.75,Run,-21
-5,293164.75,Run,-21
-5,293164.75,Run,-21
-5,293164.75,Run,-21
-5,293164.75,Run,-21
-5,293164.75,Run,-21
-5,293164.75,Run,-21
-5,293164.75,Run,-21
-5,293164.75,Run,-21
-5,293164.75,Run,-21
-5,293164.75,Run,-21
-5,293164.75,Run,-21
-5,293164.75,Run,-21
-5,293164.75,Run,-21
-5,293164.75,Dash,-21
-5,293164.75,Run,-21
-5,293164.75,Run,-21
-5,293164.75,Run,-21
-5,293164.75,Run,-21
-5,294759.40625,Run,-21
-5,296354.0625,Run,-21
-5,297948.75,Run,-21
-5,299543.4375,Run,-21
-5,301138.09375,Run,-21
-5,302732.75,Run,-21
-5,304327.4375,Run,-21
-5,305922.09375,Run,-21
-5,307516.75,Run,-21
-5,309111.4375,Run,-21
-5,310706.125,Run,-21
-5,312300.78125,Run,-21
-5,313895.4375,Run,-21
-5,315490.125,Run,-21
-5,317084.78125,Run,-21
1,318679.4375,Run,-21
1,320274.125,Run,-21
3,320476.4375,Dash,-21
3,318370.53125,Jump,-21
3,318711.25,Run,-21
3,318913.0625,Burst,-21
-3,318975.96875,Melee,-21
-3,318900.0,Melee,-21
-3,318685.15625,Melee,-21
-3,318331.40625,Melee,-21
-3,317838.78125,Melee,-21
-3,317207.25,Melee,-21
-3,316436.8125,Melee,-21
-3,315527.5,Run,-21
-3,314479.3125,Run,-21
-1,317816.125,Run,-21
1,317816.125,Run,-21
-2,317816.125,Run,-21
-2,314839.0625,Run,-21
-2,311882.125,Run,-21
-2,308945.1875,Run,-21
-2,306028.34375,Run,-21
-2,303131.53125,Run,-21
-2,300254.8125,Run,-21
-2,297398.09375,Run,-21
-2,294561.46875,Run,-21
-1,291744.875,Run,-21
1,290567.15625,Run,-21
1,289389.4375,Run,-21
1,289810.4375,Jump,-21
1,290211.375,Run,-21
-2,291800.09375,Dash,-21
-2,291800.09375,Run,-21
-2,290592.28125,Run,-21
-2,289384.46875,Run,-21
-2,288176.65625,Run,-21
-2,286968.84375,Run,-21
-2,285761.03125,Run,-22
-2,286387.3125,Run,-22
-2,288566.5,Dash,-22
-2,290760.8125,Run,-22
-2,292969.5,Run,-22
-2,295193.0,Burst,-22
-2,297431.25,Run,-22
-2,299684.25,Run,-22
-2,301198.75,Run,-22
-2,301320.375,Run,-22
-2,301502.1875,Jump,-22
-2,301744.25,Run,-22
-2,300092.125,Run,-22
1,298613.0625,Run,-22
1,297219.25,Run,-22
1,297431.34375,Jump,-22
1,297709.625,Run,-22
1,298050.84375,Dash,-22
-1,298459.375,Run,-22
-1,294885.0625,Melee,-22
-1,291310.78125,Melee,-22
1,287736.5,Melee,-22
-2,284162.1875,Run,-22
1,279226.625,Run,-22
1,274343.84375,Run,-22
1,269513.8125,Run,-22
1,264736.5625,Melee,-22
3,260012.125,Melee,-22
3,253334.65625,Melee,-22
3,246796.078125,Melee,-22
3,240396.390625,Melee,-22
3,234135.609375,Melee,-22
3,231188.046875,Melee,-22
3,228319.71875,Melee,-22
-3,225530.65625,Melee,-22
-3,222820.78125,Melee,-22
-3,220190.15625,Melee,-22
-3,217638.765625,Melee,-22
-3,215166.59375,Melee,-22
-3,212773.671875,Melee,-22
-1,213486.75,Melee,-22
1,214178.46875,Run,-22
-2,214178.46875,Run,-22
-2,213028.296875,Run,-22
-2,211878.125,Run,-22
-2,210727.953125,Dash,-22
-2,209577.78125,Run,-22
-2,208427.609375,Run,-22
-2,207277.4375,Run,-22
-2,206127.265625,Run,-22
-2,204977.09375,Run,-22
-2,203826.921875,Run,-22
-2,202676.75,Run,-22
-2,201526.578125,Run,-22
-2,200376.40625,Run,-22
-2,199226.234375,Run,-22
-2,198076.0625,Run,-22
-1,196925.890625,Run,-22
1,196925.890625,Run,-22
1,196925.890625,Dash,-22
1,198076.0625,Dash,-22
1,199226.234375,Dash,-22
1,200376.40625,Run,-22
1,199207.84375,Dash,-22
1,197986.5,Dash,-22
1,196712.390625,Dash,-22
3,195385.5,Run,-22
3,195667.15625,Melee,-22
3,195809.921875,Melee,-22
-3,195813.8125,Burst,-22
-3,195659.609375,Burst,-22
-3,195385.71875,Burst,-22
-3,194970.4375,Burst,-22
-3,194418.75,Burst,-22
-3,193728.1875,Burst,-22
-3,195921.640625,Burst,-22
-3,198115.09375,Burst,-22
-3,200308.53125,Run,-22
-3,202501.984375,Run,-22
-1,202501.984375,Run,-22
1,202501.984375,Run,-22
-2,202501.984375,Run,-22
-2,203335.5,Run,-22
-2,204169.0,Run,-22
-2,205002.5,Run,-22
-2,205836.015625,Run,-22
-2,206669.515625,Run,-22
-2,207503.03125,Run,-22
-2,208336.53125,Run,-22
-2,209170.03125,Run,-22
-2,210003.546875,Run,-22
-2,210837.046875,Run,-22
-2,211670.5625,Run,-22
-2,212504.0625,Run,-22
-2,213337.5625,Run,-22
-2,214171.078125,Run,-22
-2,215004.59375,Run,-22
-2,215838.09375,Run,-22
-2,216671.59375,Run,-22
-2,217505.09375,Dash,-22
-2,218338.609375,Dash,-22
-2,219172.125,Run,-22
-2,220005.625,Run,-22
-2,220839.125,Run,-22
-2,221672.625,Run,-22
-2,222506.140625,Run,-22
-2,223339.65625,Run,-22
-2,224173.15625,Run,-22
-2,226505.28125,Run,-22
-2,228857.4375,Run,-22
-2,231229.671875,Run,-22
-2,233621.953125,Run,-22
-2,236034.296875,Run,-22
-3,238466.6875,Run,-22
-3,242393.609375,Run,-22
-3,246373.3125,Run,-22
-3,250405.78125,Run,-22
-3,254491.015625,Run,-22
-3,258629.046875,Run,-22
-3,262819.84375,Run,-22
-3,267063.4375,Run,-22
-3,271359.78125,Run,-22
-3,275708.90625,Run,-22
-3,280110.8125,Run,-22
-3,284565.5,Run,-22
-3,289072.96875,Run,-22
-1,290938.375,Run,-22
1,292803.8125,Run,-22
-2,294669.21875,Run,-22
-2,297588.75,Run,-22
-2,300528.34375,Run,-22
-2,303488.0,Run,-22
-2,306467.71875,Run,-22
-2,309467.5,Run,-22
-2,312487.3125,Run,-22
-2,315527.1875,Run,-22
-2,318587.125,Run,-22
-2,321667.09375,Run,-22
-2,324767.125,Run,-22
-2,327887.25,Run,-22
1,331027.375,Run,-22
1,331838.6875,Dash,-22
1,332629.90625,Run,-22
1,336591.9375,Run,-22
1,340501.1875,Jump,-22
1,344357.65625,Run,-22
1,348161.34375,Burst,-22
1,351912.25,Jump,-22
1,355610.375,Jump,-22
1,359255.75,Dash,-22
1,362848.3125,Run,-22
1,366388.125,Run,-22
1,369875.125,Dash,-22
1,373309.375,Run,-22
1,376690.84375,Jump,-22
1,375189.6875,Burst,-22
1,373688.53125,Run,-22
1,372187.375,Jump,-22
1,370686.21875,Dash,-22
1,369185.0625,Dash,-22
1,367683.90625,Run,-22
1,366182.75,Burst,-22
1,364681.59375,Run,-22
1,363180.4375,Run,-22
1,361679.28125,Run,-22
1,360178.125,Dash,-22
1,358676.96875,Run,-22
1,357175.8125,Burst,-22
1,355674.65625,Burst,-22
1,354173.5,Jump,-22
1,352672.34375,Run,-22
1,351171.1875,Run,-22
-2,349670.03125,Run,-22
-2,349670.03125,Run,-23
-2,348178.96875,Run,-23
-2,346688.125,Run,-23
-2,345197.25,Run,-23
-2,343706.40625,Run,-23
-2,342215.5625,Run,-23
-2,340724.6875,Run,-23
-2,337787.0625,Burst,-23
-2,334861.53125,Burst,-23
-2,333419.5,Burst,-23
-2,331977.4375,Run,-23
-2,330535.03125,Run,-23
-2,329093.4375,Burst,-23
-2,327651.375,Run,-23
0,328531.21875,Dash,-22
0,329410.28125,Dash,-22
0,330289.375,Dash,-22
0,331168.4375,Dash,-22
0,332047.53125,Dash,-22
0,332926.625,Dash,-22
0,333805.71875,Dash,-22
1,333842.8125,Dash,-22
1,332304.90625,Jump,-22
1,330844.5625,Jump,-22
1,329461.8125,Run,-22
1,328156.625,Run,-22
1,326929.0,Run,-22
1,325778.9375,Run,-21
-2,324706.4375,Run,-21
-2,324724.3125,Run,-22
-2,324742.1875,Run,-22
-2,324760.09375,Run,-22
-2,324777.96875,Run,-22
-2,324795.875,Run,-22
-2,324813.75,Run,-22
-2,324831.625,Run,-22
-2,324849.5,Run,-22
-2,323502.9375,Burst,-22
-2,322233.90625,Run,-22
-2,320809.875,Run,-22
-2,319367.96875,Melee,-22
-2,319499.46875,Melee,-22
-2,318205.21875,Melee,-22
-2,316992.8125,Burst,-22
-2,315857.875,Burst,-22
-2,314802.21875,Melee,-22
-2,313825.78125,Melee,-22
-2,312844.59375,Melee,-22
1,312844.59375,Run,-22
1,312844.59375,Run,-22
1,311392.75,Run,-22
-2,309940.90625,Run,-22
-2,308489.0625,Run,-22
-2,307037.21875,Dash,-22
-2,305585.375,Run,-22
-2,304133.53125,Run,-22
-2,302681.71875,Run,-22
-2,301229.875,Melee,-22
-2,299778.03125,Melee,-22
-2,298326.1875,Melee,-22
-2,296874.34375,Melee,-22
-1,295422.5,Melee,-22
-1,295422.5,Melee,-22
1,295422.5,Melee,-22
8,295422.5,Melee,-22
8,296874.34375,Burst,-22
8,298327.46875,Burst,-23
8,299497.375,Melee,-23
8,300765.71875,Melee,-23
8,302113.28125,Melee,-23
8,303540.09375,Melee,-23
8,305046.15625,Melee,-23
8,306631.8125,Melee,-23
8,308296.3125,Melee,-23
8,309944.25,Melee,-23
8,311396.125,Melee,-23
8,312847.9375,Melee,-23
8,314300.1875,Run,-23
8,315752.375,Run,-23
8,317204.1875,Run,-23
8,318656.0625,Burst,-23
8,320107.875,Burst,-23
8,320107.875,Melee,-23
8,320107.875,Melee,-23
8,320107.875,Melee,-23
8,318656.0625,Melee,-24
8,317204.1875,Melee,-24
8,315752.375,Melee,-24
8,314300.5,Melee,-24
8,312848.125,Melee,-24
8,311397.5625,Run,-24
8,309945.75,Run,-24
8,308493.875,Run,-24
8,307042.0625,Burst,-24
8,307042.0625,Burst,-24
8,307042.0625,Burst,-24
-1,307042.0625,Burst,-24
-1,307042.0625,Run,-24
-1,307042.0625,Run,-24
-1,307042.0625,Dash,-24
-1,307042.0625,Run,-24
1,307042.0625,Run,-24
-2,307042.0625,Run,-24
-2,305590.1875,Run,-24
-2,304138.375,Run,-24
-2,302686.5,Melee,-24
-1,301234.6875,Melee,-24
-1,301234.6875,Melee,-24
-1,301234.6875,Melee,-24
-1,301234.6875,Melee,-24
-1,301234.6875,Melee,-24
-1,301234.6875,Melee,-24
-1,301234.6875,Melee,-24
-1,301234.6875,Melee,-24
-1,301234.6875,Melee,-24
-1,301234.6875,Burst,-24
-1,301234.6875,Burst,-24
-1,301234.6875,Melee,-24
-1,301234.6875,Melee,-24
-1,301234.6875,Melee,-24
-1,301234.6875,Melee,-24
-1,301234.6875,Melee,-24
-1,301234.6875,Melee,-24
-1,301234.6875,Melee,-24
1,301234.6875,Melee,-24
-2,301234.6875,Burst,-24
-2,299782.8125,Melee,-24
-2,298331.0,Melee,-24
-2,296876.4375,Melee,-24
-2,295424.59375,Melee,-24
-2,293972.75,Melee,-24
-2,292520.90625,Melee,-24
-2,291069.0625,Melee,-24
-2,289617.21875,Melee,-24
-2,288165.375,Run,-24
-2,286713.5625,Run,-24
-2,285261.6875,Run,-24
-2,283809.875,Run,-24
-2,282358.0,Run,-24
-2,280906.1875,Run,-24
-2,280906.1875,Run,-24
-2,280906.1875,Run,-24
-2,280906.1875,Run,-24
-2,280906.1875,Run,-24
-2,280906.1875,Run,-24
-2,280906.1875,Run,-24
-2,280906.1875,Run,-24
-2,279457.03125,Run,-24
-2,278005.1875,Run,-24
-2,276553.34375,Run,-24
-2,275101.28125,Run,-24
-2,273649.4375,Run,-24
-2,272197.5625,Run,-24
-2,270745.75,Run,-24
-2,269293.875,Run,-24
-2,267841.75,Run,-24
-2,266389.875,Run,-24
-2,264938.0625,Run,-24
1,264938.0625,Run,-24
-2,264938.0625,Run,-24
-2,263486.1875,Run,-24
-2,262034.359375,Run,-24
-2,260579.8125,Run,-24
-2,259127.96875,Run,-24
-2,257676.125,Run,-24
-2,256224.28125,Run,-24
-2,254772.4375,Run,-24
-2,253320.59375,Run,-24
-2,251868.75,Run,-24
-2,250416.90625,Run,-24
-2,248965.0625,Run,-24
-2,247513.21875,Run,-24
-2,246061.375,Run,-24
-2,244609.53125,Run,-24
-2,243157.703125,Run,-24
-2,241705.859375,Run,-24
-3,240254.015625,Run,-24
-3,236433.359375,Run,-24
-3,232612.703125,Run,-24
-3,228792.03125,Run,-24
-3,224971.390625,Run,-24
-3,221150.734375,Run,-24
-3,217330.078125,Run,-24
-3,213509.4375,Run,-24
-3,209688.78125,Run,-24
-3,205868.125,Run,-24
-3,202047.484375,Run,-24
-3,198226.84375,Run,-24
-3,194406.1875,Run,-24
-1,194406.1875,Run,-24
1,194406.1875,Run,-24
-2,194406.1875,Run,-24
-2,192954.34375,Run,-24
-2,191502.5,Dash,-24
-2,190050.640625,Run,-24
-1,188598.78125,Run,-24
-1,185244.46875,Run,-24
-1,181969.875,Run,-24
-1,178774.53125,Run,-24
-1,175658.4375,Run,-24
-1,172621.59375,Run,-24
-1,169664.0,Jump,-24
-1,166785.65625,Jump,-24
-1,163986.5625,Jump,-24
-1,161266.703125,Run,-24
-1,158626.09375,Run,-24
-1,156064.765625,Run,-24
-1,153582.65625,Run,-24
-1,151179.8125,Run,-24
-1,148856.21875,Jump,-24
-1,146611.875,Jump,-24
-1,144446.765625,Jump,-24
-1,142360.9375,Run,-24
-1,140354.328125,Jump,-24
-1,138426.984375,Run,-24
-1,136578.875,Run,-24
-1,134810.03125,Jump,-24
-1,133334.40625,Run,-24
-1,131938.046875,Run,-24
-1,130620.921875,Run,-24
-1,129383.0546875,Jump,-24
-1,128224.421875,Run,-24
-1,127145.0625,Jump,-24
-1,126144.9375,Run,-24
-1,125224.0625,Jump,-24
-1,124382.453125,Jump,-24
-1,123620.0703125,Run,-24
-1,122672.859375,Run,-24
-1,123095.515625,Run,-24
-1,123518.1875,Run,-24
2,123940.859375,Run,-24
2,122955.8203125,Run,-24
2,122050.03125,Run,-24
2,121223.484375,Jump,-24
2,120476.203125,Run,-24
2,119808.15625,Run,-24
2,119219.375,Run,-24
2,118709.828125,Run,-24
2,118279.546875,Run,-24
1,117928.5,Run,-24
-1,118726.578125,Jump,-24
-1,117235.109375,Jump,-24
-1,115822.890625,Run,-24
-1,114489.921875,Jump,-24
-1,113236.1953125,Run,-24
-1,112061.7265625,Jump,-24
-1,110966.5,Run,-24
2,110930.6875,Run,-24
2,109945.6484375,Run,-24
2,109039.859375,Run,-24
2,108213.3203125,Run,-24
2,107466.03125,Jump,-24
2,106797.9921875,Run,-24
1,106209.203125,Run,-24
1,106983.5078125,Jump,-24
1,107837.0625,Run,-24
-1,108769.875,Jump,-24
-1,107413.125,Run,-24
-1,106135.6328125,Jump,-24
-1,104937.390625,Run,-24
-1,103818.390625,Run,-24
-1,102778.640625,Run,-24
-1,102207.9375,Run,-24
-1,102630.59375,Run,-24
-1,103053.265625,Run,-24
-1,103475.921875,Run,-24
-1,103898.59375,Run,-24
-1,104321.25,Run,-24
-1,104743.921875,Run,-24
-1,105166.578125,Run,-24
-1,105589.25,Dash,-24
2,106011.90625,Dash,-24
2,105026.875,Run,-24
2,104121.078125,Jump,-24
2,103294.5390625,Run,-24
2,102547.25,Run,-24
1,101879.2109375,Run,-24
1,102645.59375,Jump,-24
1,103491.21875,Jump,-24
1,104416.09375,Run,-24
-1,105420.234375,Jump,-24
-1,104134.8046875,Run,-24
-1,102928.6328125,Run,-24
-1,101801.703125,Jump,-24
-1,100754.03125,Run,-24
-1,99785.609375,Run,-24
-1,99214.8984375,Run,-24
-1,99637.5625,Run,-24
-1,100060.2265625,Run,-24
-1,100482.890625,Dash,-24
-1,100905.5546875,Run,-24
-1,101328.21875,Dash,-24
-1,101750.8828125,Run,-24
-1,102173.546875,Run,-24
-1,102596.2109375,Run,-24
-1,103018.875,Run,-24
-1,103441.5390625,Run,-24
-1,103864.203125,Run,-24
-1,104286.8671875,Dash,-24
-1,104709.53125,Run,-24
-1,105132.1953125,Run,-24
-1,105554.859375,Run,-24
-1,105977.5234375,Run,-24
-1,106400.1875,Run,-24
2,106822.8515625,Run,-24
2,105837.8125,Jump,-24
2,104932.015625,Run,-24
2,104105.484375,Jump,-24
2,103358.1875,Jump,-24
2,102690.15625,Jump,-24
2,102101.359375,Run,-24
2,101591.8203125,Run,-24
1,101161.53125,Run,-24
1,101951.6875,Run,-24
1,102821.1015625,Jump,-24
1,104304.640625,Run,-24
1,105867.4453125,Run,-24
1,107509.5,Jump,-24
1,109230.7890625,Jump,-24
1,111031.34375,Run,-24
1,112911.140625,Run,-24
1,114870.1875,Run,-24
1,116908.4921875,Jump,-24
1,119026.0390625,Run,-24
1,121222.84375,Run,-24
1,123498.890625,Run,-24
1,125854.1875,Run,-24
1,128288.734375,Run,-24
1,130802.53125,Run,-24
1,133395.59375,Jump,-24
1,136067.890625,Jump,-24
1,138819.4375,Run,-24
1,141650.234375,Run,-24
1,144560.28125,Run,-24
1,147549.578125,Jump,-24
1,150618.125,Run,-24
1,153765.921875,Jump,-24
1,156992.96875,Run,-24
1,160299.265625,Run,-24
3,163684.8125,Run,-24
3,167505.46875,Run,-24
3,171326.109375,Run,-24
3,175146.75,Dash,-24
3,178967.40625,Dash,-24
3,182788.0625,Burst,-24
3,186608.703125,Dash,-24
3,190429.34375,Run,-24
3,194250.0,Run,-24
3,198070.65625,Burst,-24
3,201891.3125,Jump,-24
3,205711.96875,Run,-24
3,209532.625,Run,-24
1,213353.28125,Run,-24
1,214884.375,Run,-24
-1,216494.71875,Run,-24
-1,218184.3125,Jump,-24
-1,218995.75,Dash,-24
-1,219418.421875,Run,-24
-1,219841.09375,Run,-24
-1,220263.75,Run,-24
-1,220686.40625,Run,-24
-1,221109.078125,Run,-24
1,221531.75,Run,-24
1,221954.40625,Run,-24
1,222456.3125,Run,-24
1,223037.484375,Run,-24
1,223697.90625,Run,-24
1,224437.5625,Run,-24
1,225256.484375,Jump,-24
1,226154.65625,Jump,-24
1,227132.0625,Run,-24
1,228188.734375,Run,-24
1,229324.65625,Run,-24
1,230539.8125,Jump,-24
1,231834.234375,Run,-24
1,233207.90625,Run,-24
1,234660.8125,Run,-24
1,236192.984375,Jump,-24
1,237804.40625,Run,-24
1,239495.0625,Jump,-24
1,241264.984375,Jump,-24
-1,242117.34375,Run,-24
-1,242117.34375,Run,-24
-1,242117.34375,Run,-24
-1,242117.34375,Dash,-24
-1,242117.34375,Run,-24
-1,214369.0,Run,-24
-1,214369.0,Run,-24
-1,214369.0,Run,-24
-1,214369.0,Dash,-24
-1,213751.5,Run,-24
-1,212126.5,Run,-24
-1,210501.5,Run,-24
-1,208876.5,Run,-24
-1,207251.515625,Run,-24
-1,205626.515625,Run,-24
-1,204001.53125,Run,-24
-1,202376.53125,Run,-24
-1,200751.53125,Run,-24
-1,199126.53125,Run,-24
-1,197501.53125,Run,-24
-1,195876.53125,Run,-24
-1,194251.53125,Dash,-24
-1,194251.53125,Dash,-24
-1,194251.53125,Run,-24
-1,193613.0625,Run,-24
-1,192995.5625,Dash,-24
-1,192378.0625,Run,-24
-1,191760.5625,Run,-24
-1,191143.0625,Run,-24
-1,190525.5625,Run,-24
-1,189908.0625,Run,-24
-1,189290.578125,Run,-24
-1,188673.078125,Run,-24
-1,188055.578125,Run,-24
-1,187438.078125,Run,-24
-1,186820.59375,Run,-24
-1,186203.09375,Run,-24
-1,185585.59375,Dash,-24
-1,184968.09375,Run,-24
-1,184350.59375,Run,-24
1,183733.09375,Run,-24
-2,183115.59375,Run,-24
-2,182498.09375,Run,-24
-2,181880.59375,Run,-24
-2,181263.09375,Run,-24
-2,180645.59375,Run,-24
-2,180028.09375,Run,-24
-2,179410.609375,Run,-24
-2,178793.109375,Run,-24
-2,178175.609375,Run,-24
-2,177558.109375,Run,-24
-2,176940.625,Run,-24
-2,176323.125,Run,-24
-2,175705.625,Run,-24
-2,175088.125,Run,-24
-2,174470.625,Run,-25
-2,174658.78125,Run,-25
-2,174846.71875,Run,-25
-2,175034.65625,Run,-25
-2,175222.578125,Run,-25
-1,175410.515625,Run,-25
-2,175598.4375,Run,-25
-2,175786.375,Run,-25
-2,175974.3125,Run,-25
-2,175798.25,Run,-25
-2,174993.40625,Run,-25
-2,174267.890625,Run,-25
-2,173621.6875,Run,-25
-2,173054.78125,Run,-25
-2,172567.109375,Run,-25
-2,172158.65625,Run,-25
-2,171829.375,Run,-25
-2,171579.234375,Run,-25
-2,171408.21875,Run,-25
-2,171316.328125,Run,-26
-2,171303.578125,Run,-26
-2,170796.984375,Run,-26
-2,170179.5,Run,-26
-2,169562.0,Run,-26
-2,168944.5,Run,-26
-2,168327.0,Run,-26
-2,167709.5,Run,-26
-2,167092.0,Run,-26
-2,166474.5,Run,-26
-2,165857.0,Run,-26
-2,165239.5,Run,-26
-2,164622.0,Run,-26
-2,164004.515625,Run,-26
-2,163387.015625,Run,-26
-2,162769.515625,Run,-27
-2,162152.015625,Run,-27
-2,161534.515625,Run,-27
-2,160917.015625,Run,-27
-2,160299.53125,Run,-27
-2,159682.03125,Run,-27
-2,159061.9375,Run,-27
-2,158444.4375,Run,-27
-2,157826.9375,Run,-27
-2,157209.4375,Run,-27
-1,156591.953125,Run,-27
-1,155974.453125,Run,-27
-2,155356.953125,Run,-27
-2,154739.453125,Run,-27
-2,154121.953125,Run,-27
-2,153504.453125,Run,-27
-2,152886.96875,Run,-28
-2,153065.375,Run,-28
-2,153243.734375,Run,-28
-2,153422.109375,Run,-28
-2,154460.5625,Dash,-28
-2,155534.609375,Run,-28
-2,156623.4375,Run,-28
-2,157727.03125,Run,-28
-2,158845.65625,Run,-28
-2,159978.796875,Dash,-28
-2,161126.71875,Dash,-28
-2,162289.421875,Burst,-28
-2,163466.890625,Run,-28
-2,164236.375,Dash,-28
-2,164261.59375,Run,-28
1,162346.3125,Run,-28
1,160431.0,Run,-28
1,159368.0625,Run,-28
1,158252.34375,Melee,-28
1,157083.84375,Burst,-28
1,155862.5625,Burst,-28
-3,154588.515625,Run,-28
-3,154437.078125,Run,-28
-3,154146.75,Melee,-28
-3,153717.53125,Melee,-28
-3,153149.4375,Melee,-28
-3,152442.4375,Melee,-28
-3,151596.5625,Run,-28
-3,153224.375,Run,-28
-3,154931.421875,Run,-28
-3,156717.703125,Dash,-28
-3,158583.21875,Run,-28
-3,160527.96875,Run,-28
-3,162551.9375,Run,-28
1,163106.578125,Run,-28
-2,163740.4375,Run,-28
-1,165042.0,Run,-28
-1,165289.609375,Run,-28
1,165289.609375,Run,-28
1,165289.609375,Dash,-28
1,164701.15625,Jump,-28
1,164112.6875,Dash,-28
1,163524.234375,Dash,-28
1,162935.78125,Burst,-28
1,162344.625,Burst,-28
1,161756.171875,Dash,-28
-2,161167.71875,Burst,-28
-2,161167.71875,Run,-28
-2,161167.71875,Run,-28
-2,161167.71875,Run,-28
-2,161167.71875,Run,-28
-2,161167.71875,Run,-28
-2,161167.71875,Run,-28
-2,161167.71875,Run,-28
-2,161167.71875,Run,-28
-2,160581.953125,Burst,-28
-2,161170.40625,Run,-29
-2,160720.8125,Run,-29
-2,160264.671875,Run,-29
-2,159793.640625,Run,-29
-2,159308.078125,Run,-29
-2,158807.59375,Run,-29
-2,158292.359375,Run,-29
-2,157762.34375,Dash,-29
-2,157874.609375,Dash,-29
-2,161367.5,Dash,-29
1,164325.09375,Run,-29
-3,167282.71875,Run,-29
-3,171926.34375,Run,-29
-3,176708.734375,Run,-29
-3,181629.9375,Run,-29
-3,186689.90625,Run,-29
-3,191888.6875,Run,-29
-3,197226.25,Run,-29
-3,202702.59375,Run,-29
-3,208317.75,Run,-29
-3,214071.65625,Run,-29
-3,219964.375,Dash,-29
-3,223767.59375,Run,-29
-3,227703.0,Run,-29
-1,229381.0,Run,-29
1,231138.5625,Run,-29
-2,232975.640625,Run,-29
-2,235830.3125,Run,-29
-2,238630.40625,Run,-29
-2,241050.015625,Run,-29
-2,243489.6875,Run,-29
-2,245949.40625,Run,-29
-2,248429.171875,Run,-29
-2,250929.015625,Run,-29
-2,253448.890625,Run,-29
-2,255988.84375,Run,-29
-2,258548.828125,Run,-29
-2,261128.890625,Run,-29
1,263729.0,Run,-29
1,264232.21875,Dash,-29
1,264715.375,Run,-29
1,265178.5,Run,-29
1,265621.5625,Jump,-29
1,266044.5625,Dash,-29
-2,264946.0,Dash,-29
-2,264946.0,Run,-29
-2,266447.53125,Run,-29
-2,267949.0625,Run,-29
-2,269450.59375,Run,-29
-2,270952.125,Run,-29
-2,272453.65625,Run,-29
-2,273955.1875,Run,-30
-2,272583.09375,Run,-30
-2,271212.5625,Run,-30
-2,270978.625,Run,-30
-2,270728.84375,Run,-30
-2,270465.96875,Run,-30
-2,270187.6875,Run,-30
-2,269894.625,Run,-30
-2,270507.375,Run,-30
-2,272997.125,Run,-30
-2,275586.78125,Run,-30
-2,278275.09375,Run,-30
1,279917.0625,Run,-30
-2,281638.34375,Run,-30
-2,284604.75,Run,-30
-2,287670.75,Run,-30
-2,290836.46875,Run,-30
-3,294102.03125,Run,-30
-3,299434.59375,Run,-30
-3,304687.125,Run,-30
-3,309595.1875,Run,-30
-3,314558.28125,Run,-30
-3,319574.125,Run,-30
-3,324642.75,Run,-30
-3,329764.1875,Run,-30
-3,334938.375,Run,-30
-3,340165.34375,Run,-30
-3,345445.0625,Run,-30
-3,350777.59375,Run,-30
-3,356162.90625,Run,-30
-1,358111.4375,Run,-30
1,360060.0,Run,-30
-2,362008.5625,Run,-30
-2,365313.21875,Run,-30
-2,368637.9375,Run,-30
-2,371982.6875,Run,-30
-2,375347.53125,Run,-30
-2,378732.40625,Run,-30
-2,382137.375,Run,-30
1,385562.34375,Run,-30
1,386154.78125,Run,-30
1,386727.15625,Run,-30
1,387279.5,Run,-30
1,387811.75,Burst,-30
1,388323.96875,Dash,-30
1,386857.53125,Run,-30
1,385391.125,Run,-30
-2,383924.6875,Run,-30
-2,383924.6875,Run,-30
-2,383924.6875,Run,-30
-2,383924.6875,Dash,-30
-2,383924.6875,Run,-30
-2,383924.6875,Run,-30
-2,383924.6875,Run,-30
-2,383924.6875,Run,-30
-2,383924.6875,Run,-30
-2,382458.28125,Run,-30
-2,380990.59375,Run,-30
-2,379524.875,Run,-31
-2,377793.40625,Dash,-31
-2,376141.5,Dash,-31
-2,374568.8125,Dash,-31
-2,373073.75,Dash,-31
-2,371660.71875,Run,-31
-2,370325.71875,Dash,-31
-2,369070.0,Dash,-31
-2,367816.4375,Run,-31
1,367816.4375,Run,-31
1,367816.4375,Run,-31
1,366350.03125,Dash,-31
1,364883.59375,Run,-31
1,363417.1875,Run,-31
1,361950.78125,Run,-31
1,360484.34375,Run,-31
1,359017.9375,Dash,-31
1,357551.5,Run,-31
1,356085.09375,Run,-31
1,354618.65625,Dash,-31
1,353152.25,Dash,-31
1,351685.8125,Jump,-31
1,350219.40625,Dash,-31
1,348752.96875,Dash,-31
1,347286.5625,Dash,-31
1,345820.125,Dash,-31
1,344353.71875,Dash,-31
1,342887.28125,Run,-31
1,341420.875,Run,-31
1,339954.4375,Run,-31
1,338488.03125,Run,-31
1,337021.625,Run,-31
0,337838.0625,Run,-30
0,338653.5,Run,-30
0,339469.0,Run,-30
0,340284.46875,Run,-30
0,341099.9375,Run,-30
0,341915.4375,Run,-30
0,342730.90625,Run,-30
3,342681.96875,Run,-30
3,338823.0,Jump,-30
3,334964.03125,Run,-30
3,331105.03125,Burst,-29
3,327246.0625,Dash,-29
3,323387.0625,Melee,-29
3,319528.09375,Burst,-29
3,315669.09375,Melee,-29
3,311810.125,Melee,-29
-3,307951.125,Melee,-29
-3,304092.15625,Melee,-29
-3,300233.15625,Melee,-29
-3,296374.1875,Melee,-29
-1,292515.1875,Melee,-29
-1,288735.46875,Melee,-29
-1,287427.5625,Run,-29
-1,286198.90625,Run,-29
-1,285049.46875,Run,-29
-1,283979.3125,Jump,-29
-1,282988.40625,Run,-29
-2,281978.3125,Run,-29
-2,280511.90625,Run,-29
-2,279045.5,Run,-29
-2,277579.09375,Run,-29
-2,276112.6875,Run,-29
-2,274646.28125,Run,-29
-2,273179.875,Run,-29
-2,271713.46875,Dash,-29
-2,270247.0625,Run,-29
-2,268780.65625,Run,-29
-2,267314.25,Run,-29
-2,265847.8125,Run,-29
-2,264381.4375,Run,-29
-2,262915.0,Run,-29
-2,261448.609375,Run,-29
-2,259982.203125,Run,-29
-2,258515.796875,Run,-29
-2,257049.390625,Run,-29
-2,255582.984375,Run,-29
-1,254116.578125,Run,-29
-1,254116.578125,Run,-29
1,254116.578125,Run,-29
1,254116.578125,Run,-29
1,255582.984375,Run,-29
1,257049.390625,Dash,-29
1,258515.796875,Run,-29
1,259982.203125,Burst,-29
1,261448.609375,Run,-29
1,262915.0,Jump,-29
1,264381.4375,Run,-29
1,265847.8125,Run,-29
1,267314.25,Run,-29
1,268780.65625,Dash,-29
1,270247.0625,Run,-29
1,271713.46875,Run,-29
1,273179.875,Jump,-29
1,274646.28125,Run,-29
1,276112.6875,Burst,-29
1,277579.09375,Run,-29
1,279045.5,Run,-29
1,280511.90625,Run,-29
1,281978.3125,Run,-29
1,283444.71875,Dash,-29
1,284911.125,Dash,-29
1,286377.5625,Dash,-29
1,287843.9375,Dash,-29
1,289310.375,Dash,-29
1,290776.75,Run,-29
1,292243.1875,Run,-29
0,290896.0625,Run,-28
0,289550.53125,Run,-28
0,288205.0,Run,-28
0,286859.46875,Run,-28
0,285513.9375,Run,-28
0,284168.4375,Run,-28
0,282822.90625,Run,-28
1,282341.78125,Run,-28
1,283622.4375,Run,-28
1,284982.3125,Run,-28
1,286421.46875,Jump,-28
1,287939.84375,Run,-28
1,289537.5,Run,-28
1,291214.40625,Jump,-27
1,292970.5625,Jump,-27
1,294805.9375,Run,-27
1,296720.59375,Run,-27
1,298714.5,Run,-27
1,300589.9375,Run,-27
1,302056.375,Run,-27
1,303522.75,Melee,-27
1,304989.1875,Melee,-27
1,306455.59375,Melee,-27
1,307922.0,Melee,-27
-1,309388.40625,Melee,-27
-1,309388.40625,Melee,-27
-1,309388.40625,Melee,-27
-1,309388.40625,Melee,-27
-1,309388.40625,Melee,-27
-1,309388.40625,Melee,-27
-1,309388.40625,Melee,-27
-1,309388.40625,Melee,-27
-1,309388.40625,Melee,-27
-1,309388.40625,Melee,-27
-1,309388.40625,Melee,-27
-1,309388.40625,Melee,-27
-1,309388.40625,Melee,-27
-1,309388.40625,Melee,-27
-1,309388.40625,Melee,-27
-1,309388.40625,Melee,-27
-1,309388.40625,Melee,-27
-1,309388.40625,Melee,-27
-1,309388.40625,Melee,-27
-1,309388.40625,Melee,-27
-1,309388.40625,Melee,-27
-1,309388.40625,Melee,-27
-1,309388.40625,Melee,-27
-1,309388.40625,Melee,-27
-1,309388.40625,Melee,-27
-1,309388.40625,Melee,-27
-1,309388.40625,Melee,-27
-1,309388.40625,Melee,-27
-1,309388.40625,Melee,-27
-1,309388.40625,Melee,-27
-1,309388.40625,Melee,-27
-1,309388.40625,Melee,-27
-1,309388.40625,Melee,-27
-1,309388.40625,Melee,-27
-1,309388.40625,Burst,-27
-1,309388.40625,Burst,-27
-1,309388.40625,Burst,-27
-1,309388.40625,Melee,-27
-1,309388.40625,Melee,-27
-1,309388.40625,Melee,-27
-1,309388.40625,Melee,-27
-1,309388.40625,Burst,-27
-1,309388.40625,Burst,-27
-1,309388.40625,Burst,-27
-1,309388.40625,Burst,-27
-1,309388.40625,Burst,-27
-1,309388.40625,Melee,-27
-1,309388.40625,Burst,-27
-1,309388.40625,Burst,-27
-1,309388.40625,Melee,-27
-1,309388.40625,Melee,-27
-1,309388.40625,Melee,-27
-1,309388.40625,Melee,-27
-1,309388.40625,Melee,-27
-1,309388.40625,Melee,-27
-1,309388.40625,Melee,-27
-1,309388.40625,Melee,-27
-1,309388.40625,Melee,-27
-1,309388.40625,Melee,-27
-1,309388.40625,Melee,-27
-1,309388.40625,Melee,-27
-1,309388.40625,Melee,-27
-1,309388.40625,Melee,-27
-1,309388.40625,Melee,-27
-1,309388.40625,Melee,-27
-1,309388.40625,Burst,-27
-1,309388.40625,Burst,-27
-1,309388.40625,Melee,-27
-1,309388.40625,Melee,-27
-1,309388.40625,Melee,-27
-1,309388.40625,Melee,-27
-1,309388.40625,Melee,-27
-1,309388.40625,Melee,-27
-1,309388.40625,Melee,-27
-1,309388.40625,Melee,-27
-1,309388.40625,Melee,-27
-1,309388.40625,Melee,-27
-1,309388.40625,Melee,-27
-1,309388.40625,Melee,-27
-1,309388.40625,Melee,-27
-1,309388.40625,Melee,-27
-1,309388.40625,Melee,-27
-1,309388.40625,Melee,-27
-1,309388.40625,Melee,-27
-1,309388.40625,Melee,-27
-1,309388.40625,Melee,-27
-1,309388.40625,Melee,-27
-1,309388.40625,Burst,-27
-1,309388.40625,Burst,-27
-1,309388.40625,Burst,-27
-1,309388.40625,Burst,-27
-1,309388.40625,Burst,-27
-1,309388.40625,Melee,-27
-1,309388.40625,Melee,-27
-1,309388.40625,Melee,-27
-1,309388.40625,Melee,-27
-1,309388.40625,Burst,-27
-1,309388.40625,Melee,-27
-1,309388.40625,Melee,-27
-1,309388.40625,Melee,-27
-1,309388.40625,Melee,-27
-1,309388.40625,Melee,-27
-1,309388.40625,Melee,-27
-1,309388.40625,Melee,-27
-1,309388.40625,Burst,-27
-1,309388.40625,Burst,-27
-1,309388.40625,Melee,-27
-1,309388.40625,Melee,-27
-1,309388.40625,Melee,-27
-1,309388.40625,Melee,-27
-1,309388.40625,Melee,-27
-1,309388.40625,Melee,-27
-1,309388.40625,Melee,-27
-1,309388.40625,Melee,-27
-1,309388.40625,Melee,-27
-1,309388.40625,Melee,-27
-1,309388.40625,Melee,-27
-1,309388.40625,Melee,-27
-1,309388.40625,Melee,-27
-1,309388.40625,Melee,-27
-1,309388.40625,Melee,-27
-1,309388.40625,Melee,-27
-1,309388.40625,Melee,-27
-1,309388.40625,Melee,-27
-1,309388.40625,Melee,-27
-1,309388.40625,Melee,-27
-1,309388.40625,Melee,-27
-1,309388.40625,Melee,-27
-1,309388.40625,Melee,-27
-1,309388.40625,Melee,-27
-1,309388.40625,Melee,-27
-1,309388.40625,Melee,-27
-1,309388.40625,Melee,-27
-1,309388.40625,Melee,-27
-1,309388.40625,Melee,-27
-1,309388.40625,Burst,-27
-1,309388.40625,Melee,-27
-1,309388.40625,Melee,-27
-1,309388.40625,Melee,-27
-1,309388.40625,Melee,-27
-1,309388.40625,Melee,-27
-1,309388.40625,Melee,-27
-1,309388.40625,Melee,-27
-1,309388.40625,Melee,-27
-1,309388.40625,Melee,-27
-1,309388.40625,Melee,-27
-1,309388.40625,Melee,-27
-1,309388.40625,Burst,-27
-1,309388.40625,Burst,-27
-1,309388.40625,Melee,-27
-1,309388.40625,Melee,-27
-1,309388.40625,Burst,-27
-1,309388.40625,Burst,-27
-1,309388.40625,Burst,-27
-1,309388.40625,Burst,-27
-1,309388.40625,Melee,-27
-1,309388.40625,Melee,-27
-1,309388.40625,Melee,-27
-1,309388.40625,Melee,-27
-1,309388.40625,Melee,-27
-1,309388.40625,Melee,-27
-1,309388.40625,Melee,-27
-1,309388.40625,Melee,-27
-1,309388.40625,Melee,-27
-1,309388.40625,Melee,-27
-1,309388.40625,Melee,-27
-1,309388.40625,Melee,-27
-1,309388.40625,Melee,-27
-1,309388.40625,Melee,-27
-1,214369.0,Melee,-27
-1,214369.0,Run,-27
-1,214369.0,Run,-27
-1,214369.0,Run,-27
-1,214369.0,Run,-27
-1,214369.0,Run,-27
-1,214369.0,Run,-27
-1,214369.0,Run,-27
-1,214369.0,Run,-27
-1,214369.0,Run,-27
-1,214369.0,Run,-27
-1,214369.0,Run,-27
-1,214369.0,Run,-27
-1,214369.0,Run,-27
-1,214369.0,Run,-27
-1,214369.0,Run,-27
-1,214369.0,Run,-27
-1,214369.0,Run,-27
-1,214369.0,Run,-27
-1,214369.0,Run,-27
-1,214369.0,Run,-27
-1,214369.0,Run,-27
-1,214369.0,Run,-27
-1,214369.0,Run,-27
-1,214369.0,Run,-27
-1,214369.0,Run,-27
-1,214369.0,Run,-27
-1,214369.0,Run,-27
-1,214369.0,Run,-27
-1,214369.0,Run,-27
-1,214369.0,Run,-27
-1,214369.0,Run,-27
-1,214369.0,Run,-27
-1,214369.0,Run,-27
-1,214369.0,Run,-27
-1,213751.5,Dash,-27
-1,213134.0,Run,-27
-1,211509.0,Run,-27
-1,209884.0,Run,-27
-1,208259.0,Run,-27
-1,206634.0,Run,-27
-1,204988.0625,Run,-27
-1,203363.0625,Run,-27
-1,201738.0625,Run,-27
-1,200113.0625,Run,-27
-1,198488.0625,Run,-27
-2,196863.0625,Run,-27
-2,195238.0625,Run,-27
-2,193613.046875,Run,-27
-2,193613.046875,Run,-27
-2,193613.046875,Run,-27
-2,192995.5625,Run,-27
-2,192378.0625,Run,-27
-2,191760.5625,Run,-27
-2,191143.0625,Run,-27
-2,190525.5625,Run,-27
-2,189908.0625,Run,-27
-2,189290.5625,Run,-27
-2,188673.0625,Run,-27
-2,188055.5625,Run,-27
-2,187438.0625,Run,-27
-2,186820.5625,Run,-27
-2,186203.0625,Run,-27
-2,185585.578125,Run,-27
-2,184968.078125,Run,-27
-1,184350.578125,Run,-27
-1,183733.078125,Run,-28
-1,183902.90625,Run,-28
-1,184072.5625,Run,-28
-1,184242.1875,Run,-28
-1,184411.828125,Run,-28
-1,184581.46875,Run,-28
-1,184751.109375,Run,-28
-1,184920.75,Run,-28
-1,184726.578125,Dash,-28
-1,183903.484375,Run,-28
-1,182278.484375,Run,-28
-1,180653.484375,Run,-28
-1,179028.484375,Run,-28
-1,177403.46875,Run,-28
-1,175778.46875,Run,-28
-1,174153.46875,Run,-28
-1,172528.46875,Run,-28
-1,170903.46875,Run,-28
-1,169278.46875,Run,-28
-1,167653.46875,Dash,-28
-1,166028.46875,Run,-28
-1,164403.46875,Run,-28
-1,162778.46875,Run,-28
-1,162241.3125,Run,-28
-1,161783.40625,Run,-28
-1,161404.640625,Run,-28
-2,161104.984375,Run,-28
-2,160884.375,Run,-28
-2,160742.765625,Run,-28
-2,160680.1875,Run,-28
-2,160330.78125,Run,-28
-2,159713.28125,Run,-28
-2,159093.125,Run,-28
-2,158475.625,Run,-29
-2,158647.25,Run,-29
-2,158818.84375,Run,-29
-2,158990.4375,Run,-29
-2,159162.03125,Run,-29
-2,159333.625,Run,-29
-2,159505.21875,Run,-29
-2,159676.8125,Run,-29
-2,159484.578125,Run,-29
-2,158664.359375,Run,-29
-2,157923.703125,Run,-29
-2,157262.5625,Run,-29
-2,156680.828125,Dash,-29
-1,156178.421875,Run,-29
-1,155755.21875,Run,-29
-1,155411.09375,Run,-29
-1,155145.90625,Run,-29
-1,154959.578125,Run,-29
1,154852.0625,Run,-29
1,154823.375,Run,-29
1,155234.03125,Run,-29
1,155471.625,Run,-29
1,155689.15625,Dash,-29
3,155886.65625,Jump,-29
3,156289.546875,Run,-29
3,156574.53125,Run,-28
3,156717.90625,Melee,-28
-3,156725.09375,Dash,-28
-3,156593.40625,Dash,-28
-3,156322.828125,Dash,-28
-3,155913.359375,Melee,-28
-3,155365.0,Melee,-28
-3,154677.75,Melee,-28
-3,153848.953125,Melee,-28
-3,152883.9375,Run,-28
-3,151780.015625,Run,-28
-1,151780.015625,Run,-28
1,151780.015625,Run,-28
-2,152754.296875,Run,-28
-2,154277.03125,Run,-28
-2,155819.828125,Run,-28
-2,157382.671875,Run,-28
-1,158965.5625,Run,-28
1,159979.96875,Run,-28
1,160994.34375,Run,-28
1,161400.125,Run,-28
1,161785.828125,Burst,-28
1,162151.5,Dash,-28
1,161522.8125,Dash,-28
1,160894.140625,Burst,-28
1,160265.46875,Burst,-28
1,159636.78125,Run,-28
1,159008.109375,Burst,-28
1,158379.421875,Burst,-28
1,157750.75,Burst,-28
1,157122.0625,Dash,-28
1,156493.390625,Dash,-28
1,155864.71875,Burst,-28
1,155236.03125,Run,-28
1,154607.359375,Run,-28
8,153978.6875,Burst,-28
8,153350.0,Run,-28
8,152724.015625,Run,-28
8,152095.34375,Dash,-28
8,151466.65625,Dash,-28
8,150837.0625,Jump,-28
8,150209.0625,Dash,-28
8,149580.375,Run,-28
0,149779.84375,Run,-27
0,149979.09375,Run,-27
0,150178.328125,Run,-27
0,150377.578125,Run,-27
0,150576.828125,Run,-27
0,150776.0625,Run,-27
0,150975.3125,Run,-27
1,150803.96875,Run,-27
1,149990.53125,Jump,-27
1,149256.328125,Jump,-27
1,148601.34375,Run,-27
1,148025.59375,Run,-27
1,147529.09375,Jump,-27
8,147880.09375,Run,-27
8,148170.71875,Run,-27
8,148540.578125,Run,-27
8,149756.03125,Run,-28
8,149519.0,Run,-28
8,149167.40625,Run,-28
8,148401.328125,Run,-28
8,147635.234375,Run,-28
8,146869.15625,Run,-28
8,146103.0625,Run,-28
8,145336.96875,Run,-28
8,144410.046875,Run,-28
8,144448.484375,Run,-28
8,144548.375,Run,-28
8,144704.34375,Run,-29
8,144917.875,Run,-29
8,145188.875,Run,-29
8,145516.34375,Melee,-29
8,145903.625,Melee,-29
8,146340.59375,Burst,-29
8,146661.203125,Burst,-29
8,147326.203125,Burst,-29
8,147991.28125,Burst,-29
8,148656.265625,Burst,-29
8,149321.28125,Melee,-29
8,149986.28125,Melee,-29
8,149321.28125,Melee,-30
8,148656.265625,Melee,-30
8,147991.25,Melee,-30
8,147325.25,Melee,-30
8,146661.40625,Melee,-30
8,145996.375,Melee,-30
1,145996.375,Dash,-30
1,145996.375,Run,-30
1,145331.375,Dash,-30
1,144666.359375,Dash,-30
-2,144001.34375,Run,-30
-2,143336.34375,Run,-30
-2,142671.328125,Dash,-30
-2,142006.3125,Run,-30
-2,141341.3125,Run,-30
-2,140676.296875,Melee,-30
-2,140011.28125,Melee,-30
-2,139346.28125,Melee,-30
8,138681.265625,Melee,-30
8,138016.25,Melee,-30
8,137351.03125,Melee,-30
8,136686.453125,Melee,-30
8,136021.421875,Burst,-30
0,135265.40625,Melee,-29
0,134510.265625,Melee,-29
0,133755.125,Melee,-29
0,132999.984375,Melee,-29
0,132244.84375,Melee,-29
0,131489.703125,Melee,-29
0,130734.5625,Melee,-29
8,130371.421875,Melee,-29
8,130850.546875,Burst,-29
8,131408.9375,Burst,-29
8,132046.546875,Run,-29
8,132763.421875,Run,-28
8,133559.546875,Burst,-28
8,134434.921875,Run,-29
8,135638.921875,Run,-29
8,136934.234375,Run,-29
8,138321.84375,Run,-29
8,139801.359375,Dash,-29
8,141181.359375,Melee,-29
8,142164.484375,Melee,-29
8,143160.03125,Melee,-29
8,143812.0625,Melee,-29
8,144452.375,Melee,-29
8,145171.9375,Melee,-29
8,145970.75,Melee,-29
8,146845.9375,Melee,-29
8,147805.703125,Burst,-29
8,148842.1875,Melee,-29
8,149240.4375,Melee,-29
8,149369.15625,Melee,-29
8,149369.15625,Melee,-29
8,149369.15625,Melee,-29
8,149369.15625,Melee,-29
8,148651.671875,Melee,-29
8,147934.1875,Melee,-29
8,147214.46875,Melee,-29
8,146499.1875,Melee,-29
8,146499.1875,Melee,-29
8,147216.65625,Melee,-30
1,147216.65625,Melee,-30
8,147216.65625,Melee,-30
8,147934.140625,Melee,-30
8,148651.609375,Melee,-31
8,149369.09375,Melee,-31
8,150086.5625,Melee,-31
8,150804.046875,Dash,-31
8,151518.46875,Run,-31
8,152238.625,Run,-31
8,152956.109375,Run,-31
8,153673.59375,Run,-31
8,154391.0625,Run,-31
8,155105.625,Run,-31
8,155825.546875,Melee,-31
8,154620.84375,Melee,-31
8,155156.09375,Melee,-31
8,155770.5625,Melee,-31
8,156461.921875,Melee,-31
8,157236.75,Melee,-31
8,158088.890625,Melee,-31
8,159020.296875,Melee,-31
8,159313.453125,Burst,-31
8,159685.84375,Melee,-31
8,160137.46875,Melee,-31
8,160668.328125,Melee,-31
8,160847.0625,Melee,-31
8,160847.0625,Melee,-31
8,160847.0625,Melee,-31
8,160847.0625,Melee,-31
8,160847.0625,Melee,-31
8,160847.0625,Burst,-31
8,161564.546875,Melee,-31
1,161564.546875,Melee,-31
-2,161564.546875,Melee,-31
-3,162282.015625,Melee,-31
-3,164170.125,Melee,-31
-3,166058.21875,Melee,-31
-3,167946.3125,Melee,-31
-3,169834.40625,Melee,-31
-3,171722.5,Melee,-31
-3,173610.609375,Melee,-31
-3,175498.71875,Melee,-31
-3,177386.8125,Run,-31
-3,179274.90625,Dash,-31
-3,181163.0,Run,-31
-3,183051.09375,Run,-31
-3,183017.328125,Run,-31
-1,184014.34375,Run,-31
1,185090.4375,Run,-31
-2,186245.75,Run,-31
-2,188237.703125,Run,-31
-2,190328.9375,Run,-31
1,192519.5625,Run,-31
1,193234.59375,Dash,-31
1,194009.1875,Dash,-31
1,196317.1875,Run,-31
-2,198572.4375,Run,-31
-2,201651.671875,Run,-31
-2,204730.90625,Run,-31
-2,207810.140625,Run,-31
-2,210889.375,Run,-32
-2,213968.59375,Run,-32
-2,217047.828125,Run,-32
0,220678.96875,Run,-31
0,224348.296875,Melee,-31
0,228056.375,Melee,-31
0,231803.1875,Melee,-31
0,235588.75,Melee,-31
0,236295.8125,Melee,-31
0,237080.625,Melee,-31
1,237272.71875,Melee,-31
1,237453.015625,Melee,-31
-1,237762.875,Melee,-31
-1,238930.09375,Melee,-31
-1,240176.5625,Melee,-31
-1,241502.28125,Melee,-31
-1,242907.25,Melee,-31
-1,244391.46875,Melee,-31
-1,245954.953125,Melee,-31
-1,247597.671875,Run,-31
-2,248759.8125,Jump,-31
-2,249900.3125,Run,-31
-2,251040.84375,Run,-31
-2,252181.34375,Run,-31
-2,253321.875,Run,-31
-2,254462.375,Run,-31
-2,255602.875,Run,-31
-2,256743.40625,Run,-31
-2,257883.90625,Run,-31
-2,259024.4375,Run,-31
-2,260164.9375,Run,-31
-2,261305.46875,Run,-31
-3,262445.96875,Run,-31
-3,265447.34375,Run,-31
-3,268448.6875,Run,-31
-3,271450.0625,Run,-31
-3,274451.4375,Run,-31
-3,277452.78125,Run,-31
-3,280454.15625,Run,-31
-3,281533.5,Run,-31
-3,285986.0625,Run,-31
-3,290570.375,Run,-31
-3,295286.5625,Run,-31
-3,300134.8125,Run,-31
-3,305115.25,Run,-31
-1,307068.46875,Run,-31
1,309101.3125,Run,-31
-2,311213.8125,Run,-31
-2,314636.5,Run,-31
-2,318158.78125,Run,-31
-2,321328.9375,Run,-31
1,324360.625,Run,-31
1,324870.78125,Dash,-31
1,325360.84375,Dash,-31
1,328687.5625,Dash,-31
1,331961.46875,Dash,-31
1,335182.625,Jump,-31
-2,338351.0,Burst,-31
-2,342879.34375,Burst,-31
-2,347407.71875,Burst,-31
-2,351936.09375,Burst,-31
-2,356464.4375,Burst,-32
-2,360992.8125,Burst,-32
-2,365521.1875,Burst,-32
0,370944.125,Burst,-31
0,376402.3125,Melee,-31
0,377315.25,Melee,-31
0,378228.25,Melee,-31
0,379141.25,Melee,-31
0,380054.21875,Melee,-31
0,380967.1875,Melee,-31
0,381880.15625,Melee,-31
1,381851.5,Melee,-31
1,380069.125,Run,-31
1,378365.96875,Jump,-31
1,376742.0625,Run,-31
1,375197.375,Run,-30
1,373731.9375,Run,-30
1,372345.6875,Run,-30
1,371038.71875,Run,-30
1,369810.9375,Run,-30
1,368662.4375,Run,-30
3,367593.125,Run,-30
3,363389.21875,Melee,-30
3,359185.3125,Melee,-30
3,354981.375,Melee,-30
-3,350777.46875,Burst,-30
-3,346573.53125,Burst,-30
-3,342369.59375,Burst,-30
-3,338165.6875,Melee,-30
-3,333961.75,Melee,-30
-3,329757.8125,Melee,-30
-3,325553.90625,Melee,-30
-3,321349.96875,Melee,-30
-3,317146.03125,Melee,-30
-1,312942.125,Melee,-30
-1,308817.4375,Jump,-30
-1,307378.40625,Jump,-30
-1,306018.625,Run,-30
-2,304606.34375,Run,-30
-2,303008.84375,Run,-30
-2,298247.8125,Run,-30
-2,295229.3125,Run,-30
1,292310.625,Run,-30
1,292606.34375,Dash,-30
1,292961.375,Jump,-30
1,291162.6875,Run,-30
1,289311.1875,Run,-30
1,287406.9375,Burst,-30
0,283835.0,Run,-29
0,280343.25,Melee,-29
0,276929.0,Melee,-29
0,273592.3125,Melee,-29
0,270333.125,Melee,-29
0,267033.5,Melee,-29
0,263634.5625,Melee,-29
0,260235.625,Melee,-29
0,256836.6875,Melee,-29
0,253437.734375,Melee,-29
0,253516.984375,Melee,-29
0,253675.484375,Melee,-29
0,253913.234375,Melee,-29
0,254230.234375,Burst,-29
0,254626.484375,Melee,-29
0,255101.984375,Melee,-29
0,255615.5625,Melee,-29
0,255615.5625,Melee,-29
0,255615.5625,Melee,-29
0,255615.5625,Melee,-29
0,255615.5625,Melee,-29
0,255615.5625,Melee,-29
0,255615.5625,Melee,-29
0,255615.5625,Melee,-29
0,255615.5625,Melee,-29
0,255615.5625,Melee,-29
0,255615.5625,Melee,-29
0,255615.5625,Melee,-29
0,255615.5625,Melee,-29
0,255615.5625,Melee,-29
0,255615.5625,Melee,-29
0,255615.5625,Melee,-29
0,255615.5625,Melee,-29
0,255615.5625,Burst,-29
0,255615.5625,Melee,-29
0,255615.5625,Melee,-29
0,255615.5625,Melee,-29
0,255615.5625,Burst,-29
0,255615.5625,Melee,-29
0,255615.5625,Melee,-29
0,255615.5625,Melee,-29
0,255615.5625,Melee,-29
0,255615.5625,Melee,-29
0,255615.5625,Melee,-29
0,255615.5625,Melee,-29
0,255615.5625,Melee,-29
0,255615.5625,Melee,-29
0,255615.5625,Melee,-29
0,255615.5625,Melee,-29
0,255615.5625,Melee,-29
0,255615.5625,Melee,-29
0,255615.5625,Melee,-29
0,255615.5625,Melee,-29
0,255615.5625,Melee,-29
0,255615.5625,Melee,-29
0,255615.5625,Melee,-29
0,255615.5625,Melee,-29
0,255615.5625,Melee,-29
0,255615.5625,Melee,-29
0,255615.5625,Melee,-29
0,255615.5625,Melee,-29
0,255615.5625,Melee,-29
