playerAggression,distance,pastNemStates,pastNemStatesENC,nemInput,curReward
-1,214369.0,Idle,0
-1,214369.0,Idle,0
-1,214369.0,Run,0
-1,214369.0,Run,0
-1,212446.03125,Run,0
-1,211646.34375,Run,0
-1,210925.9375,Run,0
-1,210284.78125,Run,0
-1,209722.890625,Run,0
-1,209240.25,Run,0
-1,208836.8125,Run,0
-1,208512.640625,Run,0
-1,208267.6875,Run,0
-1,208101.9375,Run,0
-1,208015.4375,Run,0
-1,207556.421875,Run,0
-1,206938.90625,Run,0
-1,206321.40625,Run,0
-1,205703.90625,Run,0
-1,205086.40625,Run,0
-1,204468.90625,Run,0
-1,203851.40625,Run,0
-1,203233.890625,Run,0
-1,202616.390625,Run,0
-1,201998.875,Run,0
-1,201381.375,Run,0
-1,200763.875,Run,0
-1,200146.375,Run,0
-1,199528.875,Run,0
-1,198911.375,Run,0
-1,198293.875,Run,0
-1,197676.390625,Run,0
-1,197058.890625,Run,0
-1,196441.390625,Run,0
-1,195823.890625,Run,0
-1,195206.40625,Run,0
-1,194588.90625,Run,0
-1,193971.40625,Run,0
-1,193353.90625,Run,0
-1,192736.40625,Run,0
-1,192118.90625,Run,0
-1,191501.40625,Run,0
-1,190883.90625,Run,0
-1,190263.75,Run,0
-1,189646.25,Run,0
-1,189028.75,Run,0
-1,188411.25,Run,0
-1,187793.75,Run,0
-1,187176.25,Run,0
-1,186558.75,Run,0
-1,185941.25,Run,0
-1,185323.75,Run,0
-1,184706.25,Run,0
-2,184088.75,Run,0
-2,183471.25,Run,0
-2,182853.765625,Run,0
-2,182236.265625,Run,0
-2,181618.765625,Run,0
-2,181001.265625,Dash,0
-2,180383.78125,Run,0
-2,178758.765625,Run,0
-2,177133.765625,Run,0
-2,176706.4375,Run,0
-2,176247.3125,Jump,0
-2,175735.40625,Run,0
-2,175170.734375,Burst,-1
-2,174553.59375,Dash,-1
-2,173883.34375,Jump,-1
-2,173160.3125,Run,-1
-2,171350.59375,Run,-1
-2,169540.84375,Run,-1
-2,167731.125,Run,-1
-2,167731.125,Run,-1
-2,167731.125,Run,-1
-2,167043.4375,Run,-1
-2,166355.734375,Run,-1
-2,165668.03125,Run,-1
-2,164980.34375,Run,-2
-2,165222.4375,Run,-2
-2,165464.53125,Run,-2
-2,165706.609375,Run,-2
-2,165948.6875,Run,-2
-2,166190.765625,Run,-2
-2,166432.84375,Run,-2
-2,166674.921875,Run,-2
-2,166917.0,Run,-2
-2,166753.703125,Run,-2
-2,165887.125,Run,-2
-2,165101.71875,Run,-2
-2,164397.46875,Run,-2
-2,163774.125,Run,-2
-2,163231.28125,Run,-2
-2,162768.375,Run,-2
1,162384.578125,Dash,-2
8,162078.9375,Run,-2
8,162763.109375,Run,-2
8,163503.1875,Run,-2
8,164298.5625,Dash,-2
8,164529.921875,Dash,-2
8,163471.1875,Dash,-3
8,162359.65625,Melee,-3
8,161195.359375,Melee,-3
8,159978.453125,Melee,-3
8,158708.578125,Melee,-3
8,157385.9375,Melee,-3
8,156010.53125,Melee,-3
8,153910.5,Melee,-3
8,151810.484375,Melee,-3
8,149710.46875,Melee,-3
8,147610.453125,Melee,-3
8,145510.4375,Melee,-3
8,145510.4375,Melee,-3
8,145510.4375,Melee,-3
8,145510.4375,Melee,-3
8,145510.4375,Melee,-3
8,146076.703125,Melee,-3
8,146643.03125,Melee,-3
8,147209.28125,Melee,-3
8,147775.546875,Melee,-3
8,148341.8125,Melee,-3
8,148908.09375,Melee,-3
8,148908.09375,Melee,-3
8,148341.8125,Dash,-3
8,147775.546875,Run,-3
8,147209.28125,Jump,-3
1,147209.28125,Jump,-3
8,147209.28125,Run,-3
8,146643.015625,Jump,-3
8,146075.84375,Burst,-3
8,145510.625,Run,-3
8,144944.34375,Run,-3
8,144378.0625,Run,-3
8,143811.796875,Run,-3
8,143245.078125,Jump,-3
8,142679.375,Run,-3
8,142113.09375,Jump,-3
8,142113.09375,Jump,-3
8,142113.09375,Jump,-3
8,142113.09375,Jump,-3
8,141546.8125,Run,-3
8,140980.546875,Run,-3
8,140414.125,Dash,-3
8,139848.0625,Run,-3
8,141091.546875,Melee,-4
8,142282.25,Melee,-4
8,143420.1875,Melee,-4
8,144505.34375,Melee,-4
8,145537.609375,Run,-4
8,146517.1875,Melee,-4
8,148946.0,Melee,-5
8,151427.5625,Melee,-5
8,153962.15625,Run,-5
8,156549.28125,Run,-5
8,159189.203125,Run,-5
8,161881.90625,Run,-5
8,160998.96875,Run,-5
8,160116.03125,Run,-5
1,159438.34375,Run,-5
-2,158760.671875,Run,-5
-2,157230.140625,Run,-5
-2,155719.65625,Run,-5
-1,154226.53125,Run,-5
1,153578.9375,Run,-5
1,152931.34375,Run,-5
1,151182.1875,Run,-5
1,151433.453125,Run,-5
1,151881.4375,Run,-5
8,152806.09375,Melee,-5
8,153996.4375,Melee,-5
8,154934.421875,Melee,-6
8,155868.21875,Melee,-6
8,156816.265625,Melee,-6
8,157778.828125,Melee,-6
8,157926.25,Melee,-6
8,158073.65625,Melee,-6
8,158221.078125,Melee,-6
8,158368.5,Melee,-6
8,159374.5625,Melee,-6
8,159956.71875,Melee,-6
8,160510.15625,Melee,-6
8,161142.625,Melee,-6
8,161854.328125,Melee,-6
8,162645.265625,Melee,-6
8,163515.4375,Melee,-6
8,164464.9375,Melee,-6
8,165493.5625,Melee,-6
8,166601.4375,Burst,-6
8,167788.53125,Burst,-6
8,169054.875,Burst,-6
8,169540.34375,Burst,-6
8,170105.046875,Burst,-6
8,170748.984375,Burst,-6
8,171472.15625,Burst,-6
8,172274.5625,Burst,-6
8,172296.09375,Run,-6
8,172353.6875,Run,-6
8,171493.59375,Dash,-6
8,170633.5,Run,-6
-1,170633.5,Run,-6
-1,170633.5,Melee,-6
-1,170633.5,Melee,-6
-1,170633.5,Melee,-6
-1,170633.5,Melee,-6
-1,170633.5,Melee,-6
-1,170633.5,Melee,-6
5,170633.5,Melee,-6
5,170633.5,Melee,-7
5,170633.5,Melee,-7
5,170633.5,Burst,-7
5,170633.5,Melee,-7
5,170633.5,Melee,-7
5,170633.5,Melee,-7
5,170633.5,Melee,-7
5,170633.5,Melee,-7
5,170633.5,Melee,-7
5,170633.5,Burst,-7
-1,170633.5,Burst,-7
5,170633.5,Burst,-7
5,170633.5,Melee,-8
5,170977.75,Melee,-8
5,171319.1875,Melee,-8
5,171660.625,Melee,-8
5,172002.0625,Burst,-8
5,172343.5,Melee,-8
5,172684.9375,Melee,-8
5,173026.375,Melee,-8
5,172885.59375,Melee,-8
5,172703.46875,Melee,-8
-1,172600.59375,Melee,-8
-1,172576.9375,Burst,-8
-1,172632.546875,Melee,-8
8,172767.375,Melee,-8
8,172981.4375,Melee,-8
8,173274.71875,Melee,-8
8,173647.25,Melee,-8
8,174099.03125,Melee,-8
8,174630.015625,Burst,-8
8,174980.40625,Burst,-8
8,174980.40625,Burst,-8
8,174980.40625,Melee,-8
8,174980.40625,Melee,-8
8,174980.40625,Melee,-8
8,174980.40625,Melee,-8
8,175893.78125,Melee,-9
8,176807.125,Melee,-9
8,177720.5,Melee,-9
8,178633.859375,Melee,-9
8,179547.046875,Burst,-9
8,180460.65625,Burst,-9
8,181374.03125,Burst,-9
8,182287.390625,Burst,-9
8,183200.75,Burst,-9
8,184113.375,Burst,-9
8,185027.390625,Burst,-9
8,185940.71875,Run,-9
8,186854.09375,Run,-9
8,186854.09375,Run,-9
8,186854.09375,Run,-9
8,186854.09375,Melee,-9
8,184930.734375,Burst,-9
8,184748.5,Burst,-9
8,184645.484375,Melee,-9
-1,184621.71875,Melee,-9
-1,184677.171875,Burst,-9
1,184811.859375,Burst,-9
-2,185025.78125,Burst,-9
-2,186232.3125,Burst,-9
-2,187518.0625,Burst,-9
-1,188883.0625,Burst,-9
-1,189413.90625,Burst,-9
8,189592.65625,Melee,-9
8,189592.65625,Melee,-9
8,189592.65625,Melee,-9
8,189592.65625,Melee,-9
8,188679.296875,Melee,-10
8,186786.75,Melee,-10
8,184922.34375,Melee,-10
8,183070.09375,Melee,-10
8,181232.609375,Melee,-10
8,179409.90625,Melee,-10
8,177600.0,Melee,-10
8,176668.4375,Melee,-10
8,177133.84375,Melee,-10
8,177811.484375,Melee,-10
8,178567.75,Melee,-10
8,179403.25,Burst,-10
8,180318.0,Burst,-10
8,181310.609375,Melee,-10
8,182385.0,Melee,-10
8,183537.453125,Melee,-10
8,183048.9375,Melee,-11
8,182639.640625,Burst,-11
8,182307.0625,Melee,-11
8,181816.125,Melee,-11
8,180956.03125,Melee,-11
8,180095.9375,Melee,-11
8,179235.828125,Melee,-11
8,178373.71875,Burst,-11
8,177515.78125,Burst,-11
8,176655.65625,Burst,-11
8,175795.5625,Burst,-11
1,175795.5625,Run,-11
-2,175795.5625,Run,-11
-2,176655.65625,Run,-11
-2,177515.765625,Run,-11
-2,178375.875,Run,-11
-2,179235.96875,Melee,-11
-2,180096.0625,Melee,-11
1,180956.15625,Melee,-11
8,180096.0625,Melee,-11
8,179235.96875,Melee,-11
8,178373.875,Melee,-12
8,177515.9375,Melee,-12
8,176655.8125,Melee,-12
8,175795.71875,Melee,-12
8,174935.609375,Run,-12
8,174074.15625,Burst,-12
8,174074.15625,Burst,-12
8,174935.671875,Burst,-12
8,175795.984375,Burst,-12
8,176656.078125,Burst,-12
8,177516.1875,Burst,-12
8,178376.28125,Burst,-12
8,178376.28125,Burst,-12
8,177516.1875,Melee,-13
8,176372.84375,Melee,-13
8,175330.453125,Melee,-13
8,174367.296875,Run,-13
8,173482.0625,Run,-13
8,172678.90625,Run,-13
8,172813.546875,Run,-13
8,173887.5,Run,-13
8,174936.34375,Run,-13
8,175796.703125,Run,-13
8,176656.796875,Run,-13
8,177516.90625,Run,-13
8,178377.0,Run,-13
8,179236.390625,Melee,-13
8,178374.84375,Melee,-14
8,177516.9375,Melee,-14
8,176656.8125,Melee,-14
1,176656.8125,Melee,-14
1,176656.8125,Run,-14
1,175796.71875,Run,-14
8,174936.625,Run,-14
8,175796.71875,Run,-14
8,176656.8125,Jump,-14
8,177516.921875,Jump,-14
8,178377.03125,Jump,-14
8,179236.40625,Burst,-14
8,180097.15625,Melee,-14
8,180957.21875,Melee,-14
8,180097.125,Melee,-15
8,179237.03125,Melee,-15
8,178374.9375,Melee,-15
8,177516.984375,Melee,-15
8,176656.875,Melee,-15
8,175796.765625,Melee,-15
8,176656.875,Melee,-15
8,177516.96875,Melee,-15
8,178377.0625,Melee,-15
8,179236.453125,Burst,-15
8,180097.1875,Melee,-15
8,180957.265625,Melee,-15
8,181817.359375,Melee,-15
8,182677.46875,Melee,-15
8,183536.171875,Melee,-15
8,184397.46875,Melee,-15
8,185257.5625,Melee,-15
8,186117.65625,Melee,-15
8,186977.75,Melee,-15
8,187835.6875,Melee,-15
8,188697.65625,Melee,-15
8,189557.75,Melee,-15
8,190417.84375,Melee,-15
1,190417.84375,Melee,-15
-2,190417.84375,Run,-15
-2,191277.9375,Run,-15
-2,192138.03125,Run,-15
-2,192998.140625,Run,-15
-2,193858.25,Dash,-15
-2,194718.34375,Run,-15
-2,195578.4375,Run,-15
-3,196438.53125,Run,-15
-3,198701.96875,Run,-15
-3,200965.40625,Run,-15
-3,203228.828125,Run,-15
-3,205492.25,Run,-15
-3,207755.6875,Run,-15
-3,210019.125,Run,-15
-3,212282.546875,Run,-15
-3,214545.96875,Run,-15
-3,216809.40625,Dash,-15
-3,219072.84375,Run,-15
-3,221336.265625,Run,-15
-3,223599.6875,Run,-15
1,223599.6875,Run,-15
-2,223599.6875,Run,-15
-2,224459.78125,Run,-15
-2,225319.890625,Run,-15
-2,226180.0,Run,-15
-2,227040.09375,Run,-15
-2,227900.1875,Run,-15
-2,228760.28125,Run,-15
-2,229620.390625,Run,-15
-2,230480.484375,Run,-15
-2,231340.59375,Run,-15
-2,232200.6875,Dash,-15
-2,233060.78125,Run,-15
-2,233920.890625,Run,-15
-2,234780.984375,Run,-15
-2,235641.078125,Run,-15
-2,236501.1875,Run,-15
-2,237361.28125,Run,-15
-2,238221.375,Run,-15
-2,239081.484375,Dash,-15
-2,239941.578125,Run,-15
-2,240801.6875,Run,-15
-2,241661.796875,Dash,-15
-2,242521.90625,Run,-15
-2,243382.015625,Run,-15
-2,244242.125,Dash,-15
-2,245102.21875,Run,-15
-2,245962.328125,Run,-15
-2,246822.4375,Run,-15
-2,247682.546875,Run,-15
-2,248542.65625,Run,-15
-2,249402.765625,Run,-15
-2,250262.875,Run,-15
-2,251122.984375,Run,-15
-2,251983.09375,Dash,-15
-2,252843.1875,Dash,-15
-2,253703.296875,Run,-15
-1,254563.40625,Run,-15
-1,254563.40625,Run,-15
-1,254563.40625,Run,-15
-1,254563.40625,Run,-15
-1,254563.40625,Run,-15
-1,254563.40625,Run,-15
-1,254563.40625,Run,-15
-1,254563.40625,Run,-15
-1,254563.40625,Run,-15
-1,254563.40625,Run,-15
-1,254563.40625,Run,-15
-1,254563.40625,Run,-15
-1,254563.40625,Run,-15
-1,254563.40625,Run,-15
-1,254563.40625,Run,-15
-1,254563.40625,Run,-15
-1,254563.40625,Run,-15
-1,254563.40625,Run,-15
-1,254563.40625,Run,-15
-1,254563.40625,Run,-15
-1,254563.40625,Run,-15
-1,254563.40625,Run,-15
-1,254563.40625,Run,-15
-1,254563.40625,Run,-15
-1,254563.40625,Run,-15
-1,254563.40625,Run,-15
-1,254563.40625,Run,-15
-1,254563.40625,Run,-15
-1,254563.40625,Run,-15
-1,254563.40625,Run,-15
-1,254563.40625,Run,-15
-1,254563.40625,Run,-15
-1,254563.40625,Run,-15
-1,254563.40625,Run,-15
-1,254563.40625,Run,-15
-1,254563.40625,Run,-15
-1,254563.40625,Run,-15
-1,254563.40625,Run,-15
-1,254563.40625,Run,-15
-1,254563.40625,Dash,-15
-1,254563.40625,Run,-15
-1,254563.40625,Run,-15
-1,254563.40625,Run,-15
-1,254563.40625,Run,-15
-1,254563.40625,Run,-15
-1,254563.40625,Run,-15
-1,254563.40625,Run,-15
-1,254563.40625,Run,-15
-1,254563.40625,Run,-15
-1,254563.40625,Run,-15
-1,254563.40625,Run,-15
-1,254563.40625,Run,-15
-1,254563.40625,Run,-15
-1,254563.40625,Dash,-15
-1,254563.40625,Run,-15
-1,254563.40625,Run,-15
-1,254563.40625,Run,-15
-1,254563.40625,Run,-15
-1,254563.40625,Run,-15
-1,254563.40625,Run,-15
-1,254563.40625,Run,-15
-1,254563.40625,Run,-15
-1,254563.40625,Run,-15
-1,254563.40625,Run,-15
-1,254563.40625,Run,-15
-1,254563.40625,Run,-15
-1,254563.40625,Run,-15
-1,254563.40625,Dash,-15
-1,254563.40625,Run,-15
-1,254563.40625,Run,-15
-1,254563.40625,Run,-15
-1,254563.40625,Run,-15
-1,254563.40625,Run,-15
-1,254563.40625,Run,-15
-1,254563.40625,Run,-15
-1,254563.40625,Run,-15
-1,254563.40625,Run,-15
-1,254563.40625,Run,-15
-1,254563.40625,Run,-15
-1,254563.40625,Run,-15
-1,254563.40625,Run,-15
-1,254563.40625,Run,-15
-1,254563.40625,Run,-15
-1,254563.40625,Run,-15
-1,254563.40625,Run,-15
-1,254563.40625,Run,-15
-1,254563.40625,Run,-15
-1,254563.40625,Run,-15
-1,254563.40625,Run,-15
-1,254563.40625,Run,-15
-1,254563.40625,Run,-15
-1,254563.40625,Run,-15
-1,254563.40625,Run,-15
-1,254563.40625,Run,-15
-1,254563.40625,Run,-15
-1,254563.40625,Run,-15
-1,254563.40625,Run,-15
-1,254563.40625,Dash,-15
-1,254563.40625,Run,-15
-1,254563.40625,Run,-15
-1,254563.40625,Run,-15
-1,254563.40625,Run,-15
-1,254563.40625,Dash,-15
-1,254563.40625,Run,-15
-1,254563.40625,Run,-15
-1,254563.40625,Run,-15
-1,254563.40625,Run,-15
-1,254563.40625,Run,-15
-1,254563.40625,Run,-15
-1,254563.40625,Run,-15
-1,254563.40625,Run,-15
-1,254563.40625,Run,-15
-1,254563.40625,Run,-15
-1,254563.40625,Run,-15
-1,254563.40625,Run,-15
-1,254563.40625,Run,-15
-1,254563.40625,Dash,-15
-1,254563.40625,Run,-15
-1,254563.40625,Run,-15
-1,254563.40625,Run,-15
-1,254563.40625,Run,-15
-1,254563.40625,Run,-15
-1,254563.40625,Run,-15
-1,254563.40625,Dash,-15
-1,254563.40625,Run,-15
-1,254563.40625,Dash,-15
-1,254563.40625,Run,-15
-1,254563.40625,Run,-15
-1,254563.40625,Run,-15
-1,254563.40625,Run,-15
-1,254563.40625,Run,-15
-1,254563.40625,Run,-15
-1,254563.40625,Run,-15
-1,254563.40625,Run,-15
-1,254563.40625,Run,-15
-1,254563.40625,Run,-15
-1,254563.40625,Run,-15
-1,254563.40625,Run,-15
-1,254563.40625,Run,-15
-1,254563.40625,Run,-15
-1,254563.40625,Run,-15
-1,254563.40625,Run,-15
-1,254563.40625,Run,-15
-1,254563.40625,Run,-15
-1,254563.40625,Run,-15
-1,254563.40625,Run,-15
-1,254563.40625,Run,-15
-1,254563.40625,Run,-15
-1,254563.40625,Run,-15
-1,254563.40625,Run,-15
-1,254563.40625,Run,-15
-1,254563.40625,Run,-15
-1,254563.40625,Run,-15
-1,254563.40625,Run,-15
-1,254563.40625,Run,-15
-1,254563.40625,Dash,-15
-1,254563.40625,Run,-15
-1,254563.40625,Run,-15
-1,254563.40625,Run,-15
-1,254563.40625,Run,-15
-1,254563.40625,Run,-15
-1,254563.40625,Dash,-15
-1,254563.40625,Dash,-15
-1,254563.40625,Run,-15
-1,254563.40625,Dash,-15
-1,254563.40625,Run,-15
-1,254563.40625,Run,-15
-1,254563.40625,Run,-15
-1,254563.40625,Run,-15
-1,254563.40625,Run,-15
-1,254563.40625,Run,-15
-1,254563.40625,Run,-15
-1,254563.40625,Run,-15
-1,254563.40625,Run,-15
-1,254563.40625,Run,-15
-1,254563.40625,Run,-15
-1,254563.40625,Dash,-15
-1,254563.40625,Run,-15
-1,254563.40625,Run,-15
-1,254563.40625,Run,-15
-1,254563.40625,Run,-15
-1,254563.40625,Run,-15
-1,254563.40625,Run,-15
-1,254563.40625,Run,-15
-1,254563.40625,Run,-15
-1,254563.40625,Run,-15
-1,254563.40625,Dash,-15
-1,254563.40625,Run,-15
-1,254563.40625,Run,-15
-1,254563.40625,Run,-15
-1,254563.40625,Run,-15
-1,254563.40625,Run,-15
-1,254563.40625,Run,-15
-1,254563.40625,Run,-15
-1,254563.40625,Run,-15
-1,254563.40625,Run,-15
-1,254563.40625,Run,-15
-1,254563.40625,Run,-15
-1,254563.40625,Run,-15
-1,254563.40625,Run,-15
-1,254563.40625,Run,-15
-1,254563.40625,Run,-15
-1,254563.40625,Run,-15
-1,254563.40625,Run,-15
-1,254563.40625,Run,-15
-1,254563.40625,Run,-15
-1,254563.40625,Run,-15
-1,254563.40625,Run,-15
-1,254563.40625,Run,-15
-1,254563.40625,Run,-15
-1,254563.40625,Dash,-15
-1,254563.40625,Run,-15
-1,254563.40625,Run,-15
-1,254563.40625,Run,-15
-1,254563.40625,Run,-15
-1,254563.40625,Run,-15
-1,254563.40625,Run,-15
-1,254563.40625,Run,-15
-1,254563.40625,Run,-15
-1,214369.0,Run,-15
-1,214369.0,Run,-15
-1,214369.0,Run,-15
-1,214369.0,Run,-15
-1,213751.5,Run,-15
-1,213134.0,Run,-15
-1,212516.484375,Run,-15
-1,211898.984375,Run,-15
-1,211281.46875,Run,-15
-1,210663.96875,Run,-15
-1,210046.46875,Dash,-15
-1,209428.96875,Run,-15
-1,207803.96875,Run,-15
-1,206178.96875,Run,-15
-1,204553.96875,Run,-15
-1,202928.984375,Run,-15
-1,201303.984375,Run,-15
-1,199678.984375,Run,-15
-1,198053.984375,Run,-15
-1,196428.984375,Run,-15
-1,194803.96875,Run,-15
-1,193178.96875,Run,-15
-1,191553.96875,Run,-15
-1,189928.96875,Run,-15
-1,189928.96875,Dash,-15
-1,188006.015625,Run,-15
-1,187388.6875,Run,-15
-1,186771.359375,Run,-15
-1,186233.28125,Run,-15
-1,185774.453125,Run,-15
-1,185394.84375,Run,-15
-1,185094.46875,Run,-15
-2,184873.28125,Run,-15
-2,184731.3125,Run,-15
-2,184348.890625,Run,-15
-2,183731.390625,Run,-15
-2,183113.890625,Run,-15
-2,182496.40625,Run,-15
-2,181878.90625,Run,-15
-2,181261.40625,Run,-15
-2,180643.90625,Run,-15
-2,180026.40625,Run,-15
-2,179408.90625,Run,-15
-2,178791.40625,Run,-15
-2,178173.90625,Run,-15
-2,177556.40625,Run,-15
-2,176938.90625,Run,-15
-2,176321.40625,Run,-16
-2,176508.96875,Dash,-16
-2,176696.453125,Run,-16
-2,176883.96875,Run,-16
-2,177071.453125,Run,-16
-1,177258.953125,Run,-16
-1,177446.453125,Run,-16
-1,177633.953125,Run,-16
-1,177457.453125,Run,-16
-2,176652.09375,Run,-16
-2,175926.0,Dash,-16
-2,175279.21875,Run,-16
-2,173654.21875,Run,-16
-2,172029.21875,Run,-16
-2,170404.21875,Run,-16
-2,168779.21875,Run,-16
-2,167154.21875,Run,-16
-2,165529.21875,Run,-16
-2,163904.21875,Run,-16
-2,162279.21875,Dash,-17
-2,160654.21875,Run,-17
-2,159029.203125,Run,-17
-2,157404.203125,Run,-17
-2,155779.203125,Run,-17
-2,154154.203125,Run,-17
-2,153618.40625,Run,-17
-2,153161.875,Run,-17
-2,152784.4375,Run,-17
-2,152485.953125,Run,-17
-1,152266.25,Run,-17
-2,152125.25,Run,-17
-2,152062.9375,Run,-17
-2,151695.859375,Run,-17
-2,151078.375,Run,-18
-2,151260.09375,Run,-18
-2,151441.625,Run,-18
-2,151623.15625,Run,-18
-2,151804.671875,Run,-18
-2,151986.1875,Run,-18
-2,152167.703125,Run,-18
-2,152349.234375,Run,-18
-2,152530.75,Run,-18
-2,152348.3125,Run,-18
-2,151539.671875,Run,-18
-2,150811.0625,Run,-18
-2,150162.40625,Run,-18
-2,149593.53125,Run,-18
-2,149104.21875,Run,-18
-2,148694.203125,Run,-18
-1,148363.15625,Run,-18
-1,148110.703125,Run,-18
-1,147936.53125,Run,-18
-1,147840.375,Run,-18
-1,147822.203125,Run,-18
-1,147443.140625,Run,-18
-1,146825.640625,Run,-18
-1,146208.140625,Burst,-18
0,144780.59375,Melee,-17
0,143977.703125,Melee,-17
0,143174.8125,Melee,-17
0,142371.9375,Melee,-17
0,141569.046875,Melee,-17
0,140766.15625,Melee,-17
0,139963.28125,Melee,-17
0,139160.40625,Melee,-17
1,138789.46875,Melee,-17
3,139338.5,Run,-17
3,141266.828125,Dash,-17
3,143195.15625,Run,-16
3,145123.46875,Dash,-16
3,147051.796875,Dash,-16
3,148980.109375,Melee,-16
3,150908.4375,Melee,-16
-3,152836.75,Melee,-16
-3,154765.078125,Melee,-16
-3,156693.390625,Melee,-16
-3,158621.71875,Melee,-16
-3,160550.046875,Melee,-16
-3,162478.375,Melee,-16
-1,164406.6875,Melee,-16
-1,165218.6875,Jump,-16
-1,166109.90625,Run,-16
-1,167080.375,Jump,-16
-1,168130.0625,Run,-16
-1,169259.0,Blast,-16
-1,170467.15625,Jump,-16
-1,171754.53125,Jump,-16
-2,172800.375,Run,-16
-2,173533.140625,Run,-16
-2,174265.90625,Dash,-16
-2,176018.890625,Run,-16
-2,179472.90625,Run,-16
-2,182979.671875,Dash,-16
-1,186539.234375,Run,-16
1,189303.21875,Dash,-16
1,192067.21875,Run,-16
1,193930.09375,Run,-16
1,195740.1875,Run,-16
1,197497.515625,Melee,-16
1,199202.0625,Melee,-16
-2,200853.8125,Run,-16
-2,202452.8125,Run,-16
-1,203999.015625,Run,-16
-1,203999.015625,Melee,-16
1,203999.015625,Melee,-16
1,203999.015625,Melee,-16
1,205058.46875,Melee,-16
1,206117.921875,Burst,-16
1,207177.375,Melee,-16
1,208236.828125,Melee,-16
1,209296.28125,Melee,-16
1,210355.734375,Melee,-16
1,211415.1875,Burst,-16
-3,212474.640625,Dash,-16
-3,215262.6875,Dash,-16
-3,218050.75,Dash,-16
-3,220838.78125,Dash,-16
-3,223626.84375,Melee,-16
-3,226412.25,Melee,-16
-3,229200.296875,Melee,-16
-3,231988.34375,Melee,-16
-3,234776.375,Melee,-16
-3,237564.4375,Melee,-16
-3,240352.5,Melee,-16
-3,243140.53125,Melee,-16
-3,245928.59375,Melee,-16
1,245928.59375,Run,-16
-2,245928.59375,Run,-16
-2,246988.03125,Run,-16
-2,248047.5,Run,-16
-2,249106.9375,Run,-16
-2,250166.40625,Run,-16
-2,251225.84375,Run,-16
-2,252285.3125,Run,-16
-2,253344.75,Run,-16
-2,254404.21875,Run,-16
-2,255463.65625,Run,-16
-1,258000.40625,Run,-16
-1,257575.6875,Dash,-16
-1,258868.8125,Run,-16
1,262750.34375,Run,-16
1,266631.875,Run,-16
1,269344.8125,Jump,-16
8,272005.09375,Run,-16
8,274612.65625,Burst,-16
8,277170.15625,Burst,-16
8,279672.3125,Dash,-16
8,282121.6875,Run,-17
8,284518.65625,Melee,-17
8,286862.75,Melee,-17
8,290533.5,Melee,-17
8,294204.25,Melee,-17
8,297875.0,Melee,-17
8,297954.21875,Melee,-17
8,298112.6875,Melee,-17
8,298350.375,Melee,-17
8,297235.25,Melee,-17
8,296199.375,Melee,-17
8,295242.75,Melee,-17
8,294252.375,Melee,-17
8,292820.34375,Melee,-17
8,291388.28125,Melee,-17
8,289956.21875,Melee,-17
8,288524.1875,Melee,-17
8,287091.59375,Melee,-17
8,285659.53125,Melee,-17
8,285659.53125,Melee,-17
8,287091.5625,Burst,-18
8,289236.8125,Burst,-18
8,291391.09375,Run,-18
8,293559.90625,Dash,-18
8,295743.5,Run,-18
8,297941.875,Run,-18
8,300155.0,Dash,-18
1,300899.0625,Melee,-18
1,300837.34375,Melee,-18
-1,302136.0625,Melee,-18
-1,302031.375,Melee,-18
-1,302005.875,Melee,-18
-1,302059.65625,Melee,-18
-1,302192.625,Melee,-18
-1,302404.84375,Melee,-18
1,302696.3125,Melee,-18
1,303067.0,Melee,-18
1,305002.21875,Melee,-18
8,307016.6875,Melee,-18
8,308884.59375,Melee,-18
8,310372.625,Burst,-19
8,311858.34375,Melee,-19
8,311858.34375,Burst,-19
8,310372.9375,Burst,-19
8,308887.78125,Burst,-19
8,307402.46875,Burst,-19
8,305917.15625,Melee,-19
8,304431.84375,Melee,-19
8,302946.5,Melee,-19
8,302946.5,Melee,-19
8,302946.5,Melee,-19
8,302946.5,Melee,-19
8,304432.25,Burst,-20
8,305917.5625,Melee,-20
8,307402.875,Melee,-20
8,308888.1875,Melee,-20
8,310373.5,Melee,-20
8,311859.25,Melee,-20
8,313344.53125,Melee,-20
8,314829.875,Melee,-20
8,316315.1875,Melee,-20
8,317800.5,Melee,-20
8,319286.125,Run,-20
8,320771.4375,Jump,-20
8,322256.75,Jump,-20
8,322256.75,Jump,-20
8,322256.75,Jump,-20
8,322256.75,Jump,-20
8,322256.75,Jump,-20
8,322256.75,Jump,-20
-1,322256.75,Jump,-20
1,322256.75,Run,-20
-2,322256.75,Run,-20
-2,323742.0625,Burst,-20
-2,325227.375,Jump,-20
-2,326712.6875,Run,-20
-1,328198.0,Run,-20
1,328198.0,Melee,-20
1,328198.0,Melee,-20
8,326712.6875,Melee,-20
8,325227.375,Melee,-20
8,323742.0625,Melee,-21
8,320881.4375,Burst,-21
8,318047.6875,Melee,-21
8,315228.71875,Run,-21
8,313880.21875,Run,-21
8,312531.71875,Run,-21
8,311183.21875,Burst,-21
8,309834.75,Melee,-21
8,309357.0625,Melee,-21
8,309176.3125,Melee,-21
8,309074.78125,Melee,-21
8,309052.5,Melee,-21
8,309109.4375,Melee,-21
8,309245.625,Melee,-21
8,308028.71875,Melee,-21
8,306891.84375,Melee,-21
8,305833.65625,Melee,-21
8,304854.71875,Burst,-21
8,303955.0,Burst,-21
8,302845.40625,Burst,-21
8,301413.5,Run,-21
8,299981.46875,Dash,-21
8,299981.46875,Dash,-21
8,299981.46875,Dash,-21
8,299981.46875,Dash,-21
8,301413.5,Dash,-22
8,302845.5625,Dash,-22
8,304278.0,Dash,-22
8,305710.0625,Dash,-22
1,305710.0625,Dash,-22
-2,305710.0625,Run,-22
1,307142.09375,Burst,-22
1,305710.0625,Run,-22
-2,304278.0,Run,-22
-2,302845.9375,Run,-22
-2,301413.90625,Run,-22
-2,299981.84375,Dash,-22
8,298549.78125,Dash,-22
8,297117.75,Melee,-22
8,297117.75,Melee,-22
8,297117.75,Melee,-22
8,297117.75,Melee,-22
8,298549.78125,Melee,-23
8,299700.46875,Melee,-23
8,300949.875,Melee,-23
8,302278.5,Melee,-23
8,303686.75,Run,-23
8,303741.78125,Run,-23
8,303876.0625,Run,-23
8,304089.5625,Run,-23
8,304279.375,Run,-23
8,304279.375,Run,-23
8,304279.375,Run,-23
8,304279.375,Run,-23
8,305711.40625,Run,-23
8,307143.46875,Run,-23
8,308575.5,Dash,-23
8,310007.5625,Dash,-23
8,311439.9375,Dash,-23
8,312871.96875,Melee,-23
8,314304.03125,Melee,-23
8,314304.03125,Melee,-23
8,312871.96875,Melee,-24
8,311439.90625,Melee,-24
8,310007.5625,Melee,-24
8,308576.09375,Burst,-24
8,307144.0,Burst,-24
8,305711.9375,Run,-24
8,304279.90625,Run,-24
1,304279.90625,Run,-24
8,304279.90625,Run,-24
8,305711.9375,Run,-24
8,307144.0,Run,-24
8,308576.0625,Run,-24
8,310008.09375,Dash,-24
8,311440.5,Dash,-24
8,312872.5,Melee,-24
8,314304.5625,Melee,-24
8,315736.625,Melee,-24
8,314304.5625,Melee,-25
8,312872.5,Melee,-25
8,311440.46875,Melee,-25
8,310008.125,Melee,-25
8,310008.125,Melee,-25
8,310008.125,Melee,-25
8,310008.125,Melee,-25
8,310008.125,Melee,-25
8,310008.125,Melee,-25
8,310008.125,Burst,-25
8,310008.125,Melee,-25
8,310008.125,Melee,-25
8,310008.125,Melee,-25
8,310008.125,Melee,-25
8,310008.125,Melee,-25
8,310008.125,Melee,-25
8,310008.125,Burst,-25
8,310008.125,Melee,-25
8,310008.125,Melee,-25
8,310008.125,Melee,-25
8,310008.125,Melee,-25
8,310008.125,Melee,-25
8,310008.125,Melee,-25
-1,310008.125,Melee,-25
-1,310008.125,Melee,-25
-1,310008.125,Melee,-25
-1,310008.125,Melee,-25
-1,310008.125,Melee,-25
-1,310008.125,Melee,-25
-1,310008.125,Melee,-25
-1,310008.125,Melee,-25
-1,310008.125,Melee,-25
-1,310008.125,Melee,-25
-1,310008.125,Melee,-25
-1,310008.125,Melee,-25
-1,310008.125,Melee,-25
-1,310008.125,Melee,-25
-1,310008.125,Melee,-25
-1,310008.125,Melee,-25
-1,310008.125,Melee,-25
-1,310008.125,Melee,-25
-1,310008.125,Melee,-25
-1,310008.125,Melee,-25
-1,310008.125,Melee,-25
-1,310008.125,Melee,-25
-1,310008.125,Melee,-25
-1,310008.125,Melee,-25
-1,310008.125,Melee,-25
-1,310008.125,Melee,-25
-1,310008.125,Melee,-25
-1,310008.125,Melee,-25
-1,310008.125,Melee,-25
-1,310008.125,Melee,-25
-1,310008.125,Melee,-25
-1,310008.125,Melee,-25
-1,310008.125,Melee,-25
-1,310008.125,Melee,-25
-1,310008.125,Melee,-25
-1,310008.125,Melee,-25
-1,310008.125,Melee,-25
-1,310008.125,Melee,-25
-1,310008.125,Melee,-25
-1,310008.125,Melee,-25
-1,310008.125,Melee,-25
-1,310008.125,Melee,-25
-1,310008.125,Melee,-25
-1,310008.125,Melee,-25
-1,310008.125,Melee,-25
-1,310008.125,Burst,-25
-1,310008.125,Melee,-25
-1,310008.125,Melee,-25
-1,310008.125,Melee,-25
-1,310008.125,Melee,-25
-1,310008.125,Burst,-25
-1,310008.125,Burst,-25
-1,310008.125,Melee,-25
-1,310008.125,Melee,-25
-1,310008.125,Burst,-25
-1,310008.125,Burst,-25
-1,310008.125,Melee,-25
-1,310008.125,Melee,-25
-1,310008.125,Melee,-25
-1,310008.125,Melee,-25
-1,310008.125,Melee,-25
-1,310008.125,Melee,-25
-1,310008.125,Burst,-25
-1,310008.125,Burst,-25
-1,310008.125,Melee,-25
-1,310008.125,Melee,-25
-1,310008.125,Melee,-25
-1,310008.125,Melee,-25
-1,310008.125,Melee,-25
-1,310008.125,Melee,-25
-1,310008.125,Melee,-25
-1,310008.125,Melee,-25
-1,310008.125,Melee,-25
-1,310008.125,Burst,-25
-1,310008.125,Melee,-25
-1,310008.125,Melee,-25
-1,310008.125,Melee,-25
-1,310008.125,Melee,-25
-1,310008.125,Melee,-25
-1,310008.125,Melee,-25
-1,310008.125,Melee,-25
-1,310008.125,Melee,-25
-1,310008.125,Burst,-25
-1,310008.125,Melee,-25
-1,310008.125,Melee,-25
-1,310008.125,Melee,-25
-1,310008.125,Melee,-25
-1,310008.125,Melee,-25
-1,310008.125,Melee,-25
-1,310008.125,Melee,-25
-1,310008.125,Melee,-25
-1,310008.125,Melee,-25
-1,310008.125,Melee,-25
-1,310008.125,Melee,-25
-1,310008.125,Melee,-25
-1,310008.125,Melee,-25
-1,310008.125,Melee,-25
-1,310008.125,Melee,-25
-1,310008.125,Melee,-25
-1,310008.125,Melee,-25
-1,310008.125,Melee,-25
-1,310008.125,Melee,-25
-1,310008.125,Melee,-25
-1,310008.125,Melee,-25
-1,310008.125,Melee,-25
-1,310008.125,Melee,-25
-1,310008.125,Melee,-25
-1,310008.125,Melee,-25
-1,310008.125,Melee,-25
-1,310008.125,Melee,-25
-1,310008.125,Melee,-25
-1,310008.125,Melee,-25
-1,310008.125,Melee,-25
-1,310008.125,Melee,-25
-1,310008.125,Melee,-25
-1,310008.125,Melee,-25
-1,310008.125,Melee,-25
-1,310008.125,Melee,-25
-1,310008.125,Melee,-25
-1,310008.125,Melee,-25
-1,310008.125,Melee,-25
-1,310008.125,Melee,-25
-1,310008.125,Melee,-25
-1,310008.125,Melee,-25
-1,310008.125,Melee,-25
-1,310008.125,Melee,-25
-1,310008.125,Melee,-25
-1,310008.125,Melee,-25
-1,310008.125,Melee,-25
-1,310008.125,Melee,-25
-1,310008.125,Melee,-25
-1,310008.125,Melee,-25
-1,310008.125,Melee,-25
-1,310008.125,Melee,-25
-1,310008.125,Melee,-25
-1,310008.125,Melee,-25
-1,310008.125,Melee,-25
-1,310008.125,Melee,-25
-1,310008.125,Melee,-25
-1,310008.125,Melee,-25
-1,310008.125,Melee,-25
-1,310008.125,Burst,-25
-1,310008.125,Melee,-25
-1,310008.125,Melee,-25
-1,310008.125,Melee,-25
-1,310008.125,Melee,-25
-1,310008.125,Melee,-25
-1,310008.125,Melee,-25
-1,310008.125,Melee,-25
-1,310008.125,Melee,-25
-1,310008.125,Melee,-25
-1,310008.125,Melee,-25
-1,310008.125,Melee,-25
-1,310008.125,Melee,-25
-1,310008.125,Melee,-25
-1,310008.125,Burst,-25
-1,310008.125,Melee,-25
-1,310008.125,Melee,-25
-1,310008.125,Melee,-25
-1,310008.125,Burst,-25
-1,310008.125,Melee,-25
-1,310008.125,Melee,-25
-1,310008.125,Melee,-25
-1,310008.125,Melee,-25
-1,310008.125,Melee,-25
-1,310008.125,Melee,-25
-1,310008.125,Melee,-25
-1,310008.125,Burst,-25
-1,310008.125,Melee,-25
-1,310008.125,Melee,-25
-1,310008.125,Melee,-25
-1,310008.125,Melee,-25
-1,310008.125,Melee,-25
-1,310008.125,Melee,-25
-1,310008.125,Melee,-25
-1,310008.125,Burst,-25
-1,310008.125,Melee,-25
-1,310008.125,Burst,-25
-1,310008.125,Melee,-25
-1,310008.125,Melee,-25
-1,310008.125,Melee,-25
-1,310008.125,Melee,-25
-1,310008.125,Melee,-25
-1,310008.125,Melee,-25
-1,310008.125,Burst,-25
-1,310008.125,Melee,-25
-1,310008.125,Melee,-25
-1,310008.125,Melee,-25
-1,310008.125,Melee,-25
-1,310008.125,Melee,-25
-1,310008.125,Melee,-25
-1,310008.125,Melee,-25
-1,310008.125,Melee,-25
-1,310008.125,Melee,-25
-1,310008.125,Melee,-25
-1,310008.125,Melee,-25
-1,310008.125,Melee,-25
-1,310008.125,Melee,-25
-1,310008.125,Melee,-25
-1,310008.125,Melee,-25
-1,310008.125,Melee,-25
-1,310008.125,Melee,-25
-1,310008.125,Melee,-25
-1,310008.125,Melee,-25
-1,310008.125,Melee,-25
-1,310008.125,Melee,-25
-1,310008.125,Melee,-25
-1,310008.125,Melee,-25
-1,310008.125,Melee,-25
-1,310008.125,Melee,-25
-1,310008.125,Melee,-25
-1,310008.125,Melee,-25
-1,310008.125,Melee,-25
-1,310008.125,Melee,-25
-1,310008.125,Melee,-25
-1,310008.125,Melee,-25
-1,310008.125,Melee,-25
-1,310008.125,Burst,-25
-1,310008.125,Burst,-25
-1,310008.125,Melee,-25
-1,310008.125,Burst,-25
-1,310008.125,Melee,-25
-1,310008.125,Melee,-25
-1,310008.125,Melee,-25
-1,310008.125,Melee,-25
-1,310008.125,Burst,-25
-1,310008.125,Burst,-25
-1,310008.125,Burst,-25
-1,310008.125,Melee,-25
-1,310008.125,Melee,-25
-1,310008.125,Melee,-25
-1,310008.125,Melee,-25
-1,310008.125,Melee,-25
-1,310008.125,Melee,-25
-1,310008.125,Melee,-25
-1,310008.125,Melee,-25
-1,310008.125,Melee,-25
-1,310008.125,Melee,-25
-1,310008.125,Melee,-25
-1,310008.125,Melee,-25
-1,310008.125,Melee,-25
-1,310008.125,Melee,-25
-1,310008.125,Melee,-25
-1,310008.125,Melee,-25
-1,310008.125,Melee,-25
-1,310008.125,Melee,-25
-1,310008.125,Melee,-25
-1,310008.125,Melee,-25
-1,310008.125,Melee,-25
-1,310008.125,Melee,-25
-1,310008.125,Melee,-25
-1,310008.125,Melee,-25
-1,310008.125,Melee,-25
-1,310008.125,Melee,-25
-1,310008.125,Melee,-25
-1,310008.125,Melee,-25
-1,310008.125,Burst,-25
-1,310008.125,Burst,-25
-1,310008.125,Melee,-25
-1,310008.125,Melee,-25
-1,310008.125,Melee,-25
-1,310008.125,Melee,-25
-1,310008.125,Melee,-25
-1,310008.125,Melee,-25
-1,310008.125,Melee,-25
-1,310008.125,Melee,-25
-1,310008.125,Melee,-25
-1,310008.125,Melee,-25
-1,310008.125,Melee,-25
-1,310008.125,Melee,-25
-1,310008.125,Burst,-25
-1,310008.125,Burst,-25
-1,310008.125,Melee,-25
-1,310008.125,Melee,-25
-1,310008.125,Burst,-25
-1,310008.125,Melee,-25
-1,310008.125,Melee,-25
-1,310008.125,Burst,-25
-1,214369.0,Melee,-25
-1,214369.0,Run,-25
-1,214369.0,Run,-25
-1,214369.0,Run,-25
-1,214369.0,Dash,-25
-1,214369.0,Run,-25
-1,214369.0,Run,-25
-1,214369.0,Run,-25
-1,214369.0,Run,-25
-1,214369.0,Run,-25
-1,214369.0,Run,-25
-1,214369.0,Run,-25
-1,214369.0,Run,-25
-1,214369.0,Dash,-25
-1,214369.0,Run,-25
-1,214369.0,Run,-25
-1,214369.0,Run,-25
-1,214369.0,Run,-25
-1,214369.0,Run,-25
-1,214369.0,Run,-25
-1,214369.0,Run,-25
-1,214369.0,Run,-25
-1,214369.0,Run,-25
-1,214369.0,Run,-25
-1,214369.0,Dash,-25
-1,214369.0,Run,-25
-1,214369.0,Run,-25
-1,214369.0,Dash,-25
-1,214369.0,Run,-25
-1,214369.0,Run,-25
-1,214369.0,Run,-25
-1,214369.0,Run,-25
-1,214369.0,Run,-25
-1,214369.0,Run,-25
-1,214369.0,Run,-25
-1,213751.5,Run,-25
-1,213134.0,Run,-25
-1,212516.484375,Run,-25
-1,211898.984375,Run,-25
-1,211281.46875,Run,-25
-1,210663.96875,Run,-25
1,210046.46875,Run,-25
1,209428.96875,Run,-25
1,210570.546875,Dash,-25
1,211692.078125,Dash,-25
1,211736.96875,Dash,-25
1,211729.09375,Dash,-25
1,211647.46875,Run,-25
-2,211513.0625,Run,-25
-2,209729.734375,Run,-25
-2,207946.40625,Run,-25
-2,206163.0625,Run,-25
-2,204379.71875,Run,-25
-2,202596.390625,Run,-25
-2,200813.0625,Run,-25
-2,199029.71875,Run,-25
-2,197246.375,Run,-25
-2,197246.375,Run,-25
-2,197246.375,Run,-25
-2,196568.71875,Run,-25
-2,195891.0625,Dash,-25
-2,195213.390625,Dash,-25
-2,194535.71875,Run,-25
-2,193858.0625,Run,-25
-2,193180.390625,Run,-25
-2,192502.71875,Run,-25
-2,191825.0625,Run,-26
-2,192060.5625,Run,-26
-1,192295.78125,Run,-26
1,192531.0,Run,-26
1,192766.234375,Run,-26
1,194390.5625,Run,-26
1,196029.6875,Dash,-26
1,197683.59375,Dash,-26
1,198929.15625,Run,-26
1,199422.1875,Dash,-26
-2,199974.484375,Burst,-26
-2,199210.734375,Run,-26
-2,199210.734375,Dash,-26
-2,199210.734375,Run,-26
-2,199210.734375,Run,-26
-2,199210.734375,Run,-26
-2,199210.734375,Run,-26
-2,199210.734375,Run,-26
-2,199210.734375,Run,-26
-2,199210.734375,Run,-26
-2,199210.734375,Run,-26
-2,199210.734375,Run,-26
-2,200586.03125,Jump,-26
-2,201961.34375,Dash,-26
-2,203337.1875,Run,-26
-2,204712.65625,Dash,-26
-2,206087.96875,Dash,-27
-2,207463.28125,Run,-27
-2,208838.59375,Jump,-27
-2,210214.140625,Run,-27
-1,210214.140625,Run,-27
-1,210214.140625,Dash,-27
-1,210214.140625,Run,-27
-1,210214.140625,Run,-27
-1,210214.140625,Run,-27
-1,210214.140625,Run,-27
1,210214.140625,Run,-27
1,210214.140625,Run,-27
-2,211589.4375,Run,-27
-2,211589.4375,Dash,-27
-2,211589.4375,Run,-27
-2,211589.4375,Run,-27
-2,211589.4375,Run,-27
-2,211589.4375,Run,-27
-2,210841.453125,Run,-27
-2,210172.65625,Run,-27
-2,209583.03125,Dash,-27
-2,209072.5,Run,-27
-2,206893.296875,Run,-27
-2,204714.09375,Run,-28
-2,202534.90625,Run,-28
-2,201585.8125,Jump,-28
-2,200583.484375,Dash,-28
-2,199528.40625,Burst,-28
-2,198420.390625,Dash,-28
-2,197260.4375,Dash,-28
-2,196046.984375,Jump,-28
-2,194780.78125,Dash,-28
1,192416.859375,Run,-28
1,190052.9375,Melee,-28
1,188681.1875,Melee,-28
1,189752.59375,Melee,-28
1,190903.234375,Melee,-28
8,192133.109375,Melee,-28
8,193442.21875,Melee,-28
8,194830.5625,Melee,-29
8,196202.421875,Melee,-29
8,197592.015625,Melee,-29
8,198994.65625,Melee,-29
8,200412.015625,Melee,-29
8,200815.15625,Melee,-29
8,201218.28125,Burst,-29
8,201621.40625,Burst,-29
0,200964.9375,Burst,-28
0,200308.453125,Melee,-28
0,199651.96875,Melee,-28
0,198995.46875,Burst,-28
0,198338.96875,Melee,-28
0,197682.5,Melee,-28
0,197026.0,Melee,-28
-1,197026.0,Melee,-28
-1,197026.0,Melee,-28
5,197026.0,Melee,-28
5,197026.0,Melee,-29
5,197026.0,Melee,-29
5,197026.0,Melee,-29
5,197026.0,Melee,-29
5,197026.0,Burst,-29
5,197026.0,Burst,-29
5,197026.0,Melee,-29
5,197026.0,Melee,-29
5,197026.0,Melee,-29
5,197026.0,Melee,-29
-1,197026.0,Melee,-29
-1,197026.0,Melee,-29
5,197026.0,Melee,-29
5,197026.0,Melee,-30
5,197026.0,Melee,-30
5,197026.0,Melee,-30
5,197026.0,Melee,-30
5,197026.0,Burst,-30
5,197026.0,Melee,-30
5,197026.0,Melee,-30
5,197026.0,Melee,-30
5,197026.0,Melee,-30
5,197105.234375,Melee,-30
8,197263.703125,Burst,-30
8,197501.40625,Melee,-30
8,197818.34375,Melee,-30
8,198214.5,Melee,-30
8,198689.90625,Melee,-30
8,199244.53125,Melee,-30
8,199797.9375,Burst,-30
8,199797.9375,Melee,-30
8,199797.9375,Burst,-30
8,199797.9375,Melee,-30
8,199797.9375,Melee,-30
8,199797.9375,Burst,-30
8,199797.9375,Burst,-30
8,199797.9375,Burst,-30
8,199797.9375,Melee,-30
8,199797.9375,Melee,-30
8,199797.9375,Melee,-30
8,199797.9375,Melee,-30
8,199797.9375,Melee,-30
8,199797.9375,Melee,-30
8,199797.9375,Melee,-30
8,200242.5,Melee,-30
8,200683.125,Melee,-30
8,201123.75,Melee,-30
8,201564.375,Melee,-30
8,202005.0,Melee,-30
8,202445.609375,Melee,-30
8,202886.234375,Melee,-30
8,202764.265625,Melee,-30
8,202580.875,Melee,-30
8,202476.71875,Melee,-30
8,202451.78125,Melee,-30
8,202506.09375,Melee,-30
8,202639.640625,Melee,-30
8,202852.40625,Melee,-30
8,203144.421875,Melee,-30
8,203515.65625,Melee,-30
8,203966.140625,Melee,-30
8,204495.84375,Melee,-30
8,204866.9375,Melee,-30
8,204866.9375,Melee,-30
8,204866.9375,Melee,-30
8,204866.9375,Melee,-30
8,204866.9375,Melee,-30
8,204866.9375,Melee,-30
8,204866.9375,Melee,-30
8,205963.3125,Dash,-30
8,207060.5625,Dash,-31
8,208157.453125,Dash,-31
8,209254.34375,Burst,-31
8,210351.25,Burst,-31
8,211448.125,Melee,-31
8,212545.09375,Melee,-31
8,213641.96875,Melee,-31
8,214738.875,Melee,-31
8,215835.75,Melee,-31
8,216932.28125,Melee,-31
8,216932.28125,Melee,-31
8,215834.90625,Melee,-31
8,214738.03125,Melee,-31
8,213641.125,Melee,-31
8,212544.234375,Melee,-31
8,211447.34375,Melee,-31
8,210350.15625,Melee,-31
1,210350.15625,Melee,-31
1,210350.15625,Melee,-31
1,211447.0625,Melee,-31
1,212541.234375,Burst,-31
1,213638.125,Melee,-31
1,214735.03125,Melee,-31
1,215831.90625,Burst,-31
1,216928.8125,Melee,-31
8,218025.703125,Melee,-31
8,216928.8125,Melee,-31
8,215834.046875,Melee,-31
8,214737.15625,Melee,-31
8,213640.25,Melee,-31
8,212543.375,Melee,-31
8,212543.375,Melee,-31
8,213640.25,Melee,-32
8,215248.953125,Melee,-32
8,216868.09375,Melee,-32
8,218501.65625,Melee,-32
8,220150.53125,Burst,-32
8,221814.0,Burst,-32
8,222350.9375,Burst,-32
8,222887.90625,Melee,-32
8,222785.4375,Melee,-32
8,222602.328125,Melee,-32
8,222498.453125,Melee,-32
8,222473.8125,Melee,-32
8,222528.421875,Melee,-32
8,223812.40625,Melee,-32
8,225175.640625,Melee,-32
8,226618.09375,Melee,-32
8,228140.3125,Melee,-32
8,229741.21875,Melee,-32
8,231421.375,Dash,-32
8,232938.015625,Dash,-32
8,232938.015625,Dash,-32
8,231787.859375,Dash,-32
8,230637.703125,Dash,-32
8,229487.546875,Run,-32
8,228337.390625,Dash,-32
1,228337.390625,Dash,-32
1,228337.390625,Melee,-32
1,229487.546875,Melee,-32
1,230637.703125,Melee,-32
1,231787.859375,Run,-32
-2,232938.015625,Run,-32
8,234088.171875,Run,-32
8,235235.625,Jump,-32
8,236388.484375,Jump,-32
8,237538.640625,Jump,-32
8,238688.796875,Melee,-32
8,239838.953125,Melee,-32
8,240989.8125,Melee,-32
8,242139.953125,Melee,-32
8,243290.109375,Melee,-32
8,243290.109375,Melee,-32
8,243290.109375,Melee,-32
8,242139.953125,Melee,-33
8,240706.671875,Melee,-33
8,239372.96875,Melee,-33
8,238118.8125,Melee,-33
8,236943.59375,Melee,-33
8,235847.59375,Burst,-33
8,234830.84375,Burst,-33
8,233893.3125,Burst,-33
8,232939.28125,Jump,-33
8,234089.421875,Dash,-33
8,235240.234375,Run,-33
8,236390.390625,Dash,-33
8,237540.546875,Dash,-33
8,238690.703125,Dash,-33
8,239840.859375,Melee,-33
8,239840.859375,Melee,-33
8,238690.703125,Melee,-34
8,237540.546875,Melee,-34
8,236390.390625,Melee,-34
8,235240.234375,Melee,-34
-1,235240.234375,Melee,-34
-1,235240.234375,Run,-34
-1,235240.234375,Run,-34
1,235240.234375,Run,-34
-2,235240.234375,Run,-34
-2,236390.390625,Run,-34
-2,237540.546875,Run,-34
-2,238690.703125,Melee,-34
-2,239840.859375,Melee,-34
-1,240988.3125,Melee,-34
-1,240988.3125,Melee,-34
-1,240988.3125,Melee,-34
-1,240988.3125,Melee,-34
-1,240988.3125,Melee,-34
-1,240988.3125,Melee,-34
-1,240988.3125,Melee,-34
-1,240988.3125,Melee,-34
-1,240988.3125,Melee,-34
-1,240988.3125,Melee,-34
-1,240988.3125,Melee,-34
-1,240988.3125,Melee,-34
-1,240988.3125,Melee,-34
-1,240988.3125,Melee,-34
-1,240988.3125,Melee,-34
-1,240988.3125,Melee,-34
-1,240988.3125,Melee,-34
-1,240988.3125,Melee,-34
-1,240988.3125,Melee,-34
-1,240988.3125,Melee,-34
-1,240988.3125,Melee,-34
-1,240988.3125,Melee,-34
-1,240988.3125,Melee,-34
-1,240988.3125,Melee,-34
-1,240988.3125,Melee,-34
-1,240988.3125,Melee,-34
-1,240988.3125,Melee,-34
-1,240988.3125,Melee,-34
-1,240988.3125,Melee,-34
-1,240988.3125,Melee,-34
-1,240988.3125,Melee,-34
-1,240988.3125,Melee,-34
-1,240988.3125,Melee,-34
-1,240988.3125,Melee,-34
-1,240988.3125,Melee,-34
-1,240988.3125,Melee,-34
-1,240988.3125,Melee,-34
-1,240988.3125,Melee,-34
-1,240988.3125,Melee,-34
-1,240988.3125,Melee,-34
-1,240988.3125,Melee,-34
-1,240988.3125,Melee,-34
-1,240988.3125,Melee,-34
-1,240988.3125,Melee,-34
-1,240988.3125,Melee,-34
-1,240988.3125,Melee,-34
-1,240988.3125,Melee,-34
-1,240988.3125,Melee,-34
-1,240988.3125,Melee,-34
-1,240988.3125,Melee,-34
-1,240988.3125,Melee,-34
-1,240988.3125,Burst,-34
-1,240988.3125,Melee,-34
-1,240988.3125,Melee,-34
-1,240988.3125,Melee,-34
-1,240988.3125,Melee,-34
-1,240988.3125,Melee,-34
-1,240988.3125,Burst,-34
-1,240988.3125,Melee,-34
-1,240988.3125,Melee,-34
-1,240988.3125,Melee,-34
-1,240988.3125,Melee,-34
-1,240988.3125,Melee,-34
-1,240988.3125,Melee,-34
-1,240988.3125,Burst,-34
-1,240988.3125,Melee,-34
-1,240988.3125,Melee,-34
-1,240988.3125,Burst,-34
-1,240988.3125,Burst,-34
-1,240988.3125,Burst,-34
-1,240988.3125,Burst,-34
-1,240988.3125,Melee,-34
-1,240988.3125,Melee,-34
-1,240988.3125,Melee,-34
-1,240988.3125,Melee,-34
-1,240988.3125,Melee,-34
-1,240988.3125,Melee,-34
-1,240988.3125,Melee,-34
-1,240988.3125,Melee,-34
-1,240988.3125,Melee,-34
-1,240988.3125,Melee,-34
-1,240988.3125,Melee,-34
-1,240988.3125,Melee,-34
-1,240988.3125,Burst,-34
-1,240988.3125,Burst,-34
-1,240988.3125,Burst,-34
-1,240988.3125,Melee,-34
-1,240988.3125,Melee,-34
-1,240988.3125,Melee,-34
-1,240988.3125,Melee,-34
-1,240988.3125,Melee,-34
-1,240988.3125,Melee,-34
-1,240988.3125,Melee,-34
-1,240988.3125,Melee,-34
-1,240988.3125,Melee,-34
-1,240988.3125,Melee,-34
-1,240988.3125,Melee,-34
-1,240988.3125,Melee,-34
-1,240988.3125,Melee,-34
-1,240988.3125,Melee,-34
-1,240988.3125,Melee,-34
-1,240988.3125,Burst,-34
-1,240988.3125,Melee,-34
-1,240988.3125,Melee,-34
-1,240988.3125,Melee,-34
-1,240988.3125,Melee,-34
-1,240988.3125,Melee,-34
-1,240988.3125,Melee,-34
-1,240988.3125,Melee,-34
-1,240988.3125,Melee,-34
-1,240988.3125,Melee,-34
-1,240988.3125,Melee,-34
-1,240988.3125,Melee,-34
-1,240988.3125,Melee,-34
-1,240988.3125,Melee,-34
-1,240988.3125,Melee,-34
-1,240988.3125,Melee,-34
-1,240988.3125,Melee,-34
-1,240988.3125,Melee,-34
-1,240988.3125,Burst,-34
-1,240988.3125,Burst,-34
-1,240988.3125,Burst,-34
-1,240988.3125,Burst,-34
-1,240988.3125,Burst,-34
-1,240988.3125,Burst,-34
-1,240988.3125,Burst,-34
-1,240988.3125,Burst,-34
-1,240988.3125,Burst,-34
-1,240988.3125,Melee,-34
-1,240988.3125,Melee,-34
-1,240988.3125,Melee,-34
-1,240988.3125,Melee,-34
-1,240988.3125,Melee,-34
-1,240988.3125,Melee,-34
-1,240988.3125,Melee,-34
-1,240988.3125,Melee,-34
-1,240988.3125,Melee,-34
-1,240988.3125,Melee,-34
-1,240988.3125,Melee,-34
-1,240988.3125,Melee,-34
-1,240988.3125,Melee,-34
-1,240988.3125,Melee,-34
-1,240988.3125,Burst,-34
-1,240988.3125,Melee,-34
-1,240988.3125,Melee,-34
-1,240988.3125,Melee,-34
-1,240988.3125,Melee,-34
-1,240988.3125,Melee,-34
-1,240988.3125,Melee,-34
-1,240988.3125,Melee,-34
-1,240988.3125,Melee,-34
-1,240988.3125,Melee,-34
-1,240988.3125,Melee,-34
-1,240988.3125,Melee,-34
-1,240988.3125,Melee,-34
-1,240988.3125,Melee,-34
-1,240988.3125,Melee,-34
-1,240988.3125,Melee,-34
-1,240988.3125,Melee,-34
-1,240988.3125,Melee,-34
-1,240988.3125,Melee,-34
-1,240988.3125,Melee,-34
-1,240988.3125,Melee,-34
-1,240988.3125,Melee,-34
-1,240988.3125,Melee,-34
-1,240988.3125,Burst,-34
-1,240988.3125,Melee,-34
-1,240988.3125,Melee,-34
-1,240988.3125,Melee,-34
-1,240988.3125,Melee,-34
-1,240988.3125,Melee,-34
-1,240988.3125,Melee,-34
-1,240988.3125,Melee,-34
-1,240988.3125,Melee,-34
-1,240988.3125,Melee,-34
-1,240988.3125,Melee,-34
-1,240988.3125,Melee,-34
-1,240988.3125,Melee,-34
-1,240988.3125,Melee,-34
-1,240988.3125,Melee,-34
-1,240988.3125,Melee,-34
-1,240988.3125,Melee,-34
-1,240988.3125,Melee,-34
-1,240988.3125,Melee,-34
-1,240988.3125,Melee,-34
-1,240988.3125,Burst,-34
-1,240988.3125,Burst,-34
-1,240988.3125,Burst,-34
-1,240988.3125,Melee,-34
-1,240988.3125,Melee,-34
-1,240988.3125,Burst,-34
-1,240988.3125,Melee,-34
-1,240988.3125,Melee,-34
-1,240988.3125,Melee,-34
-1,240988.3125,Melee,-34
-1,240988.3125,Melee,-34
-1,240988.3125,Melee,-34
-1,240988.3125,Melee,-34
-1,240988.3125,Melee,-34
-1,240988.3125,Melee,-34
-1,240988.3125,Melee,-34
-1,240988.3125,Melee,-34
-1,240988.3125,Melee,-34
-1,240988.3125,Melee,-34
-1,240988.3125,Melee,-34
-1,240988.3125,Melee,-34
-1,240988.3125,Burst,-34
-1,240988.3125,Melee,-34
-1,240988.3125,Melee,-34
-1,240988.3125,Melee,-34
-1,240988.3125,Melee,-34
-1,240988.3125,Melee,-34
-1,240988.3125,Melee,-34
-1,240988.3125,Melee,-34
-1,240988.3125,Melee,-34
-1,240988.3125,Melee,-34
-1,240988.3125,Melee,-34
-1,240988.3125,Melee,-34
-1,240988.3125,Burst,-34
-1,240988.3125,Melee,-34
-1,240988.3125,Melee,-34
-1,240988.3125,Burst,-34
-1,240988.3125,Melee,-34
-1,240988.3125,Melee,-34
-1,240988.3125,Melee,-34
-1,240988.3125,Melee,-34
-1,240988.3125,Melee,-34
-1,240988.3125,Melee,-34
-1,240988.3125,Melee,-34
-1,240988.3125,Melee,-34
-1,240988.3125,Melee,-34
-1,240988.3125,Melee,-34
-1,240988.3125,Melee,-34
-1,240988.3125,Melee,-34
