playerAggression,distance,pastNemStates,pastNemStatesENC,nemInput,curReward
1,214369.0,Idle,0
-1,214369.0,Melee,0
-1,214369.0,Run,0
-1,214369.0,Run,0
-1,214369.0,Run,0
-1,214369.0,Run,0
-1,214369.0,Dash,0
-1,214369.0,Run,0
-1,214369.0,Run,0
-1,214369.0,Run,0
-1,214369.0,Run,0
-1,214369.0,Run,0
-1,214369.0,Run,0
-1,214369.0,Run,0
-1,214369.0,Run,0
-1,214369.0,Run,0
-1,214369.0,Run,0
-1,214369.0,Run,0
-1,214369.0,Run,0
-1,214369.0,Run,0
-1,214369.0,Run,0
-1,214369.0,Run,0
-1,214369.0,Run,0
-1,214369.0,Run,0
-1,214369.0,Dash,0
-1,214369.0,Run,0
-1,214369.0,Run,0
-1,214369.0,Run,0
-1,214369.0,Run,0
-1,214369.0,Run,0
-1,214369.0,Run,0
-1,214369.0,Dash,0
-1,214369.0,Run,0
-1,214369.0,Run,0
-1,214369.0,Run,0
-1,214369.0,Run,0
-1,214369.0,Run,0
-1,214369.0,Run,0
-1,214369.0,Run,0
-1,214369.0,Run,0
-1,214369.0,Run,0
-1,212446.03125,Run,0
-1,211646.34375,Dash,0
-1,210925.9375,Run,0
-1,209300.9375,Run,0
-1,207675.9375,Run,0
-1,206050.9375,Run,0
-1,204425.9375,Dash,0
-1,202800.953125,Blast,0
-1,201175.953125,Run,0
-1,199550.96875,Run,0
-1,197925.96875,Run,0
-1,196300.953125,Run,0
-1,194675.953125,Run,0
-1,193050.953125,Run,0
1,191425.953125,Run,0
1,189800.9375,Run,0
1,189635.78125,Jump,0
1,190537.625,Run,0
1,189438.1875,Jump,0
1,190039.28125,Dash,0
1,190679.71875,Dash,0
1,191399.640625,Burst,0
-1,192178.90625,Dash,0
1,192178.90625,Blast,0
-2,192178.90625,Run,0
-2,190779.140625,Run,0
-2,189379.375,Run,0
-2,187979.59375,Run,0
-2,186577.21875,Run,0
-1,185177.453125,Run,0
-1,185177.453125,Run,0
-1,185177.453125,Dash,0
-1,185177.453125,Run,0
-1,185177.453125,Run,0
-1,185177.453125,Run,0
-1,185177.453125,Dash,0
-1,185177.453125,Run,0
1,185177.453125,Run,0
-2,185177.453125,Run,0
-2,183777.6875,Run,0
-2,182377.90625,Run,0
-2,180978.140625,Run,0
-2,179578.375,Run,0
-2,178178.59375,Run,0
-2,176778.84375,Run,0
-2,175379.0625,Run,0
-2,173979.28125,Run,0
-2,172579.53125,Run,0
-2,171179.75,Run,0
-2,169779.984375,Run,0
-1,168380.21875,Run,0
-1,165159.0625,Run,0
-1,162014.265625,Run,0
-1,158945.34375,Jump,0
-1,155952.28125,Run,0
-1,152640.375,Run,0
-1,149493.25,Run,0
-1,146507.953125,Run,0
-1,143681.921875,Run,0
-1,141012.90625,Run,0
-1,138499.0,Run,0
-1,136138.71875,Run,0
-1,133930.8125,Run,0
-1,131874.453125,Run,0
-1,129892.4375,Run,0
-1,128155.546875,Run,0
-1,126518.375,Run,0
-1,124980.8125,Run,0
-1,123541.984375,Run,0
-1,122201.828125,Run,0
-1,118741.7265625,Run,0
-1,115380.1484375,Run,0
-1,112117.03125,Run,0
-1,109175.0546875,Run,0
-1,107313.8359375,Run,0
-1,104183.6875,Run,0
-1,101243.453125,Run,0
-1,98483.890625,Jump,0
-1,95897.546875,Run,0
-1,93477.734375,Jump,0
-1,91217.765625,Run,0
-1,89111.46875,Jump,0
-1,87153.015625,Run,0
-1,85336.984375,Run,0
-1,83658.3046875,Jump,0
-1,82112.296875,Run,0
-1,81165.21875,Run,0
-1,80331.765625,Run,0
-1,79873.9375,Run,0
2,79456.5234375,Run,0
2,78283.28125,Run,0
2,77209.015625,Run,0
2,76229.5,Run,0
2,74229.1875,Run,0
2,72382.390625,Run,0
2,70681.21875,Run,0
2,69118.078125,Run,0
2,67685.7734375,Run,0
2,66377.5,Run,0
-1,65186.8203125,Jump,0
-1,62547.8046875,Run,0
-1,60044.828125,Run,0
-1,57672.4375,Jump,0
-1,55921.3984375,Run,0
-1,54273.46875,Run,0
-1,52726.2265625,Run,0
-1,52057.00390625,Dash,0
-1,51700.6796875,Run,0
-1,51194.37890625,Run,0
-1,50688.078125,Run,0
-1,50181.78125,Run,0
-1,49675.484375,Run,0
2,49169.18359375,Blast,0
2,47736.2109375,Run,0
2,46317.2890625,Run,0
2,44912.3984375,Run,0
2,43521.5546875,Run,0
2,42144.75390625,Run,0
2,40781.9921875,Jump,0
2,39433.27734375,Run,0
-1,38098.6015625,Run,0
-1,36939.453125,Run,0
-1,35548.2421875,Jump,0
2,34273.4296875,Run,0
2,33639.5859375,Jump,0
2,33096.0703125,Run,0
1,32637.212890625,Run,0
1,32611.236328125,Run,0
1,32651.19921875,Jump,0
1,32755.037109375,Run,0
1,32920.7890625,Run,0
1,33148.17578125,Jump,0
1,33437.4296875,Run,0
3,33789.25390625,Run,0
3,34835.4765625,Run,0
3,35921.2421875,Melee,0
3,37051.078125,Melee,0
3,38359.8671875,Melee,0
-3,39690.26953125,Melee,0
-3,41042.2890625,Melee,0
-3,42415.9140625,Melee,0
-3,43811.15234375,Melee,0
-3,45228.00390625,Melee,0
-3,46666.46484375,Melee,0
-3,48126.54296875,Melee,0
-3,49608.23046875,Melee,0
-1,51111.52734375,Melee,0
-1,51848.03515625,Run,0
-1,52641.828125,Run,0
-1,53495.19140625,Run,0
-1,54410.796875,Run,0
-1,55391.67578125,Run,0
-1,56441.2421875,Run,0
-1,57563.27734375,Run,0
-1,58761.95703125,Run,0
1,60041.80859375,Run,0
1,61407.75,Jump,0
1,62865.06640625,Run,0
1,63915.5078125,Run,0
1,65069.03125,Jump,0
1,65828.125,Run,0
1,66703.5,Run,0
1,67702.3046875,Run,0
1,68832.0859375,Jump,0
1,70100.765625,Run,0
1,71516.609375,Run,0
1,73088.2890625,Run,0
1,74824.84375,Run,0
1,75180.5625,Run,0
1,75570.21875,Run,0
1,75986.859375,Run,0
1,76432.328125,Blast,0
1,76909.546875,Run,0
8,77748.140625,Run,0
0,77378.171875,Run,1
0,77051.265625,Run,1
0,76765.4375,Run,1
0,76518.65625,Run,1
0,76308.921875,Run,1
0,76134.234375,Run,1
0,75992.578125,Run,1
1,75759.1875,Run,1
1,75043.15625,Run,1
1,74410.0234375,Run,1
8,73859.96875,Run,1
8,73393.546875,Run,1
8,73546.7421875,Run,1
8,74320.84375,Run,1
8,75182.46875,Run,1
8,76133.65625,Run,1
8,77176.828125,Run,1
8,78314.7890625,Run,1
8,78325.5078125,Run,1
8,78467.6015625,Run,1
8,78729.453125,Run,1
8,79109.21875,Run,1
8,79605.59375,Run,1
8,80217.859375,Run,1
8,80945.8828125,Run,1
8,81790.171875,Run,1
8,82751.8125,Run,1
8,83832.421875,Run,1
8,85034.078125,Run,1
8,86359.0390625,Run,1
8,87809.46875,Run,1
8,89386.921875,Run,1
8,91091.625,Run,1
8,92921.7265625,Run,1
8,95199.7578125,Run,1
8,97601.375,Run,1
8,100124.6328125,Run,1
8,102767.03125,Run,1
8,105526.0625,Run,1
8,108399.65625,Run,1
8,111386.765625,Run,1
-1,114487.734375,Run,1
-1,117704.5546875,Run,1
-1,121040.828125,Run,1
-1,124501.6953125,Run,1
-1,128093.546875,Run,1
-1,131823.75,Run,1
-3,135700.53125,Jump,1
-3,139458.328125,Run,1
-3,140840.765625,Run,1
-3,143568.71875,Blast,1
-3,146440.46875,Run,1
-3,148546.78125,Run,1
-3,150717.46875,Dash,1
-3,152952.546875,Dash,1
-3,155252.0,Run,1
-3,157615.828125,Run,1
-3,160044.046875,Run,1
-3,162536.640625,Run,1
-3,165093.609375,Run,1
-1,167714.953125,Run,1
-1,170452.796875,Run,1
-1,172000.6875,Run,1
-1,173669.15625,Run,1
-1,175460.84375,Jump,1
-1,177378.734375,Run,1
-1,179426.171875,Run,1
-1,181606.90625,Run,1
-1,183925.0625,Jump,1
-1,186385.125,Run,1
-1,188991.9375,Blast,1
1,193294.75,Run,1
1,194304.59375,Run,1
1,194640.3125,Run,1
1,195117.09375,Run,1
1,195738.671875,Run,1
-2,196509.1875,Jump,1
-2,197207.453125,Run,1
-2,197979.46875,Blast,1
-2,198825.3125,Run,1
-2,199745.15625,Run,1
-2,200739.125,Run,1
-2,201807.3125,Run,1
-2,202949.875,Run,1
-2,203424.390625,Dash,1
-2,204045.96875,Jump,1
-2,204818.28125,Dash,1
-2,205745.421875,Run,1
-2,207643.59375,Run,1
-2,209705.8125,Run,1
-2,211937.28125,Run,1
-2,216643.71875,Run,1
-2,221228.40625,Run,1
-2,224411.390625,Run,0
-2,225634.890625,Run,0
-1,226930.53125,Run,0
-2,228065.3125,Run,0
-2,228341.9375,Run,0
-2,228611.375,Run,0
-2,228873.65625,Run,0
-2,229126.078125,Run,0
-2,229942.78125,Run,0
-2,230759.484375,Run,0
-3,231284.40625,Run,0
-3,234913.75,Run,0
-3,238674.984375,Run,0
-3,242568.125,Run,0
-3,246593.28125,Run,0
-3,250750.484375,Run,0
-3,255039.78125,Run,0
-3,259461.1875,Run,0
-3,264014.75,Dash,0
-3,268700.46875,Run,0
-3,276044.875,Run,0
-3,283528.1875,Run,0
-3,291150.34375,Run,0
-1,296220.59375,Dash,0
1,301290.84375,Run,0
-2,306361.0625,Dash,0
-2,312533.0,Run,0
-2,318757.6875,Run,0
-2,325035.1875,Dash,0
-2,331365.4375,Run,0
-2,337748.46875,Run,0
-2,344184.28125,Run,0
-1,350672.875,Dash,0
-1,352748.9375,Run,0
1,354904.25,Dash,0
-2,357138.875,Dash,0
-2,359351.875,Run,0
-2,361348.84375,Run,0
-2,361444.34375,Run,0
-2,363258.25,Run,0
-2,365151.1875,Run,0
-2,367123.1875,Run,0
-2,369174.34375,Run,0
-2,369937.125,Dash,0
-2,370756.59375,Run,0
-2,371635.0625,Burst,0
-2,372573.25,Run,0
-2,371172.875,Run,0
-2,369772.5,Dash,0
-2,368372.125,Dash,0
-2,366971.34375,Dash,-1
-2,363765.84375,Dash,-1
-2,361960.6875,Run,-1
-2,361535.53125,Run,-1
1,359723.5625,Run,-1
-2,357911.65625,Run,-1
-2,357459.3125,Run,-1
-2,356993.4375,Run,-1
2,356513.9375,Run,-1
-1,355288.15625,Jump,-1
-3,356453.71875,Run,-1
-3,360169.375,Run,-1
-3,365593.0625,Run,-1
-3,371150.90625,Run,-1
-3,376837.75,Run,-1
-3,382653.75,Run,-1
-3,388599.15625,Run,-1
-3,394674.09375,Run,-1
-3,400878.6875,Run,-1
-3,407213.03125,Run,-1
-3,413677.21875,Run,-1
-3,420271.25,Run,-1
-3,426995.0625,Run,-1
-1,433848.59375,Run,-1
-1,440907.46875,Run,-1
-1,445718.53125,Run,-1
-1,449359.40625,Dash,-1
-1,453097.1875,Run,-1
-1,459685.9375,Run,-1
-1,466274.6875,Run,-1
-1,472863.4375,Run,-1
-1,479452.1875,Run,-1
-1,486040.90625,Run,-1
2,492629.625,Run,-1
2,495849.4375,Run,-1
2,499114.0625,Jump,-1
2,502423.34375,Jump,-1
2,505777.34375,Run,-1
2,509176.0625,Run,-1
2,512619.5,Jump,-1
1,516107.6875,Jump,-1
1,517128.59375,Jump,-1
1,518266.1875,Run,-1
-1,519515.25,Jump,-1
-1,524000.3125,Run,-1
-1,528640.875,Jump,-1
-1,531136.25,Run,-1
-1,533444.0625,Jump,-1
-1,534274.875,Jump,-1
-1,535331.1875,Jump,-1
-1,535261.4375,Run,-1
-1,534765.375,Jump,-1
-1,534452.5625,Run,-1
-1,535400.6875,Run,-1
-1,536477.4375,Run,-1
-1,538025.625,Run,-1
2,539642.375,Dash,-1
2,538887.8125,Run,-1
2,538256.8125,Jump,-1
2,537743.75,Run,-1
2,537284.6875,Run,-1
2,536859.3125,Jump,-1
2,536447.875,Run,-1
2,536032.6875,Jump,-1
2,535599.25,Run,-1
-1,535137.625,Blast,-1
-1,534642.5625,Jump,-1
-1,535853.625,Run,-1
-1,537179.3125,Run,-1
-1,538617.625,Dash,-1
-1,540167.0625,Dash,-1
-1,541826.4375,Jump,-1
-1,544173.5625,Dash,-1
-1,545195.5,Run,-1
-1,545976.875,Dash,-1
1,546810.125,Dash,-1
-1,547696.25,Run,-1
-1,546451.9375,Run,-1
-1,545291.25,Jump,-1
-1,544212.125,Run,-1
-1,543213.125,Run,-1
-1,542292.9375,Run,-1
-1,541450.875,Run,-1
-1,540142.375,Jump,-1
-1,538795.125,Run,-1
-1,538668.3125,Run,-1
1,537747.5,Run,-1
1,537898.9375,Run,-1
1,538171.6875,Run,-1
1,538562.5625,Jump,-1
1,539068.8125,Run,-1
1,539687.8125,Jump,-1
1,540417.5625,Jump,-1
1,539119.875,Run,-1
1,537921.0625,Run,-1
1,536820.1875,Jump,-1
3,535774.0,Run,-1
3,530585.25,Run,-1
3,525382.8125,Run,-1
3,520164.75,Dash,-1
3,514820.96875,Dash,-1
3,510621.15625,Dash,-1
3,506384.96875,Dash,-1
3,502112.375,Dash,-1
3,497803.40625,Dash,-1
3,493458.03125,Run,-1
-3,489076.28125,Run,-1
-3,484658.09375,Run,-1
-3,480203.5625,Run,-1
-1,475712.59375,Run,-1
-1,471248.53125,Run,-1
-1,470468.90625,Jump,-1
-1,469738.71875,Run,-1
-1,469058.03125,Run,-1
-1,464790.09375,Run,-1
-1,460571.0,Dash,-1
1,456398.53125,Run,-1
1,455363.6875,Jump,-1
1,455586.34375,Run,-1
1,455806.65625,Run,-1
1,456036.21875,Run,-1
1,456283.40625,Jump,-1
1,456543.0,Run,-1
1,456809.9375,Jump,-1
1,457080.125,Run,-1
1,457351.125,Jump,-1
1,458324.96875,Blast,-1
0,453791.0625,Blast,0
0,452348.71875,Blast,0
0,450955.03125,Blast,0
0,449609.96875,Blast,0
0,448313.59375,Blast,0
0,447065.875,Blast,0
0,445866.875,Blast,0
1,445855.125,Blast,0
1,448359.3125,Run,0
1,450962.3125,Run,0
1,453665.875,Blast,0
1,456472.25,Run,0
1,459383.9375,Jump,0
1,462403.875,Run,0
8,463401.4375,Run,1
8,462380.3125,Run,1
8,461478.4375,Run,1
8,460700.3125,Run,1
8,460050.65625,Run,1
8,459534.71875,Run,1
8,457365.75,Run,1
8,455380.875,Run,1
8,455692.65625,Run,1
8,458280.65625,Run,1
8,461037.125,Run,1
8,463993.15625,Run,2
8,467195.34375,Jump,1
8,471866.59375,Dash,1
8,476619.90625,Jump,1
8,481455.5,Run,1
8,486373.6875,Jump,1
8,491374.625,Jump,1
8,496458.5625,Jump,1
8,501625.71875,Jump,1
8,505894.0625,Melee,1
8,508084.75,Melee,1
8,512396.09375,Melee,1
8,516864.9375,Melee,1
8,520879.34375,Melee,1
8,523477.71875,Burst,1
8,526156.0625,Melee,1
8,528913.375,Melee,1
8,529644.75,Melee,1
8,530455.375,Melee,1
8,531345.1875,Melee,1
1,532314.3125,Melee,1
1,533362.625,Run,1
1,532385.0,Run,1
8,531486.625,Dash,1
8,530667.4375,Dash,1
8,529927.5625,Dash,1
8,529266.875,Melee,1
8,530615.0,Melee,1
8,530615.0,Melee,1
8,530615.0,Melee,1
8,530615.0,Melee,1
8,530615.0,Melee,1
8,530615.0,Melee,1
8,530615.0,Melee,1
8,530615.0,Melee,1
8,530615.0,Melee,1
8,530615.0,Melee,1
8,530615.0,Melee,1
8,530615.0,Melee,1
8,532720.125,Melee,0
8,536097.3125,Melee,0
8,537359.75,Melee,0
8,538622.1875,Melee,0
8,539884.5625,Melee,0
8,541147.0,Melee,0
8,542409.375,Melee,0
8,543671.8125,Melee,0
8,543714.5625,Melee,0
8,543531.6875,Melee,0
8,543428.0,Melee,0
8,543403.5625,Melee,0
8,543458.375,Melee,0
8,543592.375,Melee,0
8,543805.625,Melee,0
-1,544098.125,Melee,0
-1,544469.875,Melee,0
-1,544920.8125,Melee,0
-1,545451.0,Melee,0
-1,545815.25,Melee,0
1,545815.25,Melee,0
-2,545815.25,Melee,0
-2,543656.8125,Melee,0
-2,541498.375,Melee,0
-2,539339.9375,Melee,0
5,537181.5,Melee,0
5,537181.5,Melee,-1
5,537181.5,Melee,-1
5,537181.5,Melee,-1
5,537181.5,Melee,-1
5,537181.5,Melee,-1
5,537181.5,Melee,-1
5,537181.5,Melee,-1
5,537181.5,Melee,-1
5,537181.5,Melee,-1
5,537181.5,Melee,-1
1,537181.5,Melee,-1
5,537181.5,Melee,-1
5,537181.5,Melee,-2
5,536899.125,Melee,-2
5,536715.1875,Melee,-2
5,536610.4375,Burst,-2
5,536585.0,Melee,-2
5,536638.75,Melee,-2
5,536771.6875,Melee,-2
5,536983.9375,Melee,-2
5,537183.125,Melee,-2
5,537183.125,Melee,-2
1,537183.125,Melee,-2
-2,537183.125,Melee,-2
-2,535024.75,Melee,-2
-2,532866.3125,Melee,-2
-2,530707.875,Run,-2
-2,528549.4375,Run,-2
-2,526391.0,Run,-2
-2,524232.625,Run,-2
-3,522074.1875,Run,-2
-3,516394.1875,Run,-2
-3,510714.1875,Run,-2
-3,505034.15625,Run,-2
-3,499354.15625,Run,-2
-3,493674.125,Run,-2
-3,487994.125,Run,-2
-3,482314.09375,Run,-2
-3,476631.375,Dash,-2
-3,470951.375,Run,-2
-3,465271.375,Run,-2
-3,459591.375,Run,-2
-3,453911.3125,Run,-2
1,453911.3125,Run,-2
-2,453911.3125,Run,-2
-2,451752.9375,Run,-2
-2,449594.5,Run,-2
-2,447436.0625,Run,-2
-2,445277.6875,Run,-2
-2,443119.3125,Run,-2
-2,440960.875,Run,-2
-1,438802.5,Run,-2
1,438802.5,Run,-2
1,438802.5,Run,-2
1,440960.875,Run,-2
1,443119.3125,Dash,-2
1,445277.6875,Run,-2
1,447436.0625,Jump,-2
1,449594.5,Dash,-2
-1,451752.9375,Run,-2
-1,451752.9375,Run,-2
-1,451752.9375,Run,-2
-1,451752.9375,Run,-2
-1,451752.9375,Run,-2
-1,451752.9375,Run,-2
-1,451752.9375,Run,-2
-1,451752.9375,Dash,-2
-1,451752.9375,Dash,-2
-1,451752.9375,Run,-2
-1,451752.9375,Run,-2
-1,451752.9375,Run,-2
-1,451752.9375,Run,-2
-1,451752.9375,Run,-2
-1,451752.9375,Run,-2
-1,451752.9375,Run,-2
-1,451752.9375,Run,-2
-1,451752.9375,Run,-2
-1,451752.9375,Run,-2
-1,451752.9375,Run,-2
-1,451752.9375,Run,-2
-1,451752.9375,Run,-2
-1,451752.9375,Dash,-2
-1,451752.9375,Run,-2
-1,451752.9375,Dash,-2
-1,451752.9375,Dash,-2
-1,451752.9375,Run,-2
-1,451752.9375,Run,-2
-1,451752.9375,Run,-2
-1,451752.9375,Run,-2
-1,451752.9375,Dash,-2
-1,451752.9375,Run,-2
-1,451752.9375,Run,-2
-1,451752.9375,Run,-2
-1,451752.9375,Dash,-2
-1,451752.9375,Run,-2
-1,451752.9375,Run,-2
-1,451752.9375,Run,-2
-1,451752.9375,Dash,-2
-1,451752.9375,Run,-2
-1,451752.9375,Run,-2
-1,451752.9375,Run,-2
-1,451752.9375,Run,-2
-1,451752.9375,Run,-2
-1,451752.9375,Run,-2
-1,451752.9375,Run,-2
-1,451752.9375,Blast,-2
-1,451752.9375,Run,-2
-1,451752.9375,Dash,-2
-1,451752.9375,Dash,-2
-1,451752.9375,Run,-2
-1,451752.9375,Run,-2
-1,451752.9375,Run,-2
-1,451752.9375,Run,-2
-1,451752.9375,Run,-2
-1,451752.9375,Run,-2
-1,451752.9375,Run,-2
1,451752.9375,Blast,-2
-2,451752.9375,Run,-2
-2,449594.5,Dash,-2
-2,447436.0625,Run,-2
-2,445277.6875,Dash,-2
-3,443119.3125,Run,-2
-3,437439.25,Dash,-2
-3,431759.1875,Run,-2
-3,426079.1875,Run,-2
-3,420399.125,Run,-2
-3,414719.125,Run,-2
-3,409039.0625,Run,-2
-3,403359.0625,Run,-2
-3,397679.0,Run,-2
-3,391999.0,Run,-2
-3,386318.9375,Run,-2
-3,380638.9375,Run,-2
-3,374958.875,Run,-2
-1,374958.875,Run,-2
1,374958.875,Run,-2
-2,374958.875,Run,-2
-2,372800.5,Run,-2
-2,370642.0625,Run,-2
-2,368483.6875,Run,-2
-2,366325.25,Run,-2
-2,364166.875,Run,-2
-2,362008.4375,Run,-2
-2,359850.0625,Run,-2
-2,357691.65625,Run,-2
-2,355533.25,Run,-2
-2,353374.84375,Run,-2
-2,351216.4375,Run,-2
-2,349058.0625,Run,-2
-2,346899.625,Run,-2
-2,344741.25,Run,-2
-2,342582.8125,Run,-2
-2,340424.4375,Run,-2
-2,338266.0,Run,-2
-2,336107.625,Run,-2
-2,333949.21875,Run,-2
-2,331790.8125,Run,-2
-2,329632.40625,Dash,-2
-2,327474.0,Run,-2
-3,325315.625,Run,-2
-3,319635.5625,Run,-2
-3,313955.53125,Blast,-2
-3,308275.5,Run,-2
-3,302595.46875,Run,-2
-3,296915.4375,Run,-2
-3,291235.40625,Run,-2
-3,285555.375,Run,-2
-3,279875.3125,Run,-2
-3,274195.3125,Dash,-2
-3,268515.28125,Run,-2
-3,262835.25,Dash,-2
-3,257155.234375,Run,-2
-1,257155.234375,Run,-2
1,257155.234375,Run,-2
-2,257155.234375,Run,-2
-2,254996.828125,Run,-2
-2,252838.40625,Run,-2
-1,250680.0,Run,-2
1,250680.0,Run,-2
1,250680.0,Run,-2
1,252838.40625,Dash,-2
1,254996.828125,Run,-2
1,257155.234375,Dash,-2
1,259313.65625,Dash,-2
1,261472.0625,Jump,-2
-1,263630.5,Dash,-2
-1,263630.5,Run,-2
1,263630.5,Run,-2
-2,263630.5,Run,-2
-2,261472.0625,Run,-2
-2,259313.65625,Dash,-2
-1,257155.234375,Run,-2
1,257155.234375,Run,-2
1,257155.234375,Run,-2
1,259313.65625,Run,-2
1,261472.0625,Dash,-2
1,263630.5,Run,-2
1,265788.875,Dash,-2
1,267947.3125,Run,-2
-2,270105.71875,Burst,-2
-2,267947.3125,Dash,-2
-2,265788.875,Run,-2
-2,263630.5,Run,-2
-1,261472.0625,Run,-2
1,261472.0625,Run,-2
1,261472.0625,Run,-2
1,263630.5,Run,-2
1,265788.875,Jump,-2
1,267947.3125,Dash,-2
1,270105.71875,Run,-2
1,272264.125,Dash,-2
-2,274422.5625,Jump,-2
-2,272264.125,Dash,-2
-2,270105.71875,Run,-2
-2,267947.3125,Run,-2
-1,265788.875,Run,-2
-1,265788.875,Run,-2
1,265788.875,Run,-2
1,265788.875,Run,-2
1,267947.3125,Jump,-2
1,270105.71875,Run,-2
1,272264.125,Dash,-2
1,274422.5625,Run,-2
-2,276580.9375,Run,-2
-2,274422.5625,Run,-2
-2,272264.125,Run,-2
-2,270105.71875,Run,-2
-1,267947.3125,Run,-2
-1,267947.3125,Run,-2
-1,267947.3125,Run,-2
-1,267947.3125,Run,-2
-1,267947.3125,Run,-2
-1,267947.3125,Run,-2
-1,267947.3125,Run,-2
-1,267947.3125,Run,-2
-1,267947.3125,Run,-2
-1,267947.3125,Run,-2
-1,267947.3125,Run,-2
-1,267947.3125,Blast,-2
-1,267947.3125,Run,-2
-1,267947.3125,Dash,-2
-1,267947.3125,Run,-2
-1,267947.3125,Dash,-2
-1,267947.3125,Run,-2
-1,267947.3125,Run,-2
-1,267947.3125,Dash,-2
-1,267947.3125,Run,-2
-1,267947.3125,Run,-2
-1,267947.3125,Dash,-2
-1,267947.3125,Dash,-2
-1,267947.3125,Run,-2
-1,267947.3125,Run,-2
-1,267947.3125,Run,-2
-1,267947.3125,Run,-2
-1,267947.3125,Run,-2
-1,267947.3125,Run,-2
-1,267947.3125,Run,-2
-1,267947.3125,Run,-2
-1,267947.3125,Run,-2
-1,267947.3125,Blast,-2
-1,267947.3125,Dash,-2
-1,267947.3125,Run,-2
-1,267947.3125,Run,-2
-1,267947.3125,Run,-2
-1,267947.3125,Run,-2
-1,267947.3125,Run,-2
-1,267947.3125,Run,-2
-1,267947.3125,Run,-2
-1,267947.3125,Run,-2
-1,267947.3125,Dash,-2
-1,267947.3125,Run,-2
-1,267947.3125,Run,-2
-1,267947.3125,Run,-2
-1,267947.3125,Run,-2
-1,267947.3125,Run,-2
-1,267947.3125,Run,-2
-1,267947.3125,Dash,-2
-1,267947.3125,Run,-2
-1,267947.3125,Run,-2
-1,267947.3125,Run,-2
-1,267947.3125,Run,-2
-1,267947.3125,Run,-2
-1,267947.3125,Run,-2
-1,267947.3125,Run,-2
-1,267947.3125,Run,-2
-1,267947.3125,Run,-2
-1,267947.3125,Run,-2
-1,267947.3125,Run,-2
-1,267947.3125,Run,-2
-1,267947.3125,Blast,-2
-1,267947.3125,Run,-2
1,267947.3125,Run,-2
1,267947.3125,Run,-2
1,270105.71875,Burst,-2
1,272264.125,Run,-2
1,274422.5625,Burst,-2
1,276580.9375,Run,-2
1,278739.375,Burst,-2
-1,280897.75,Burst,-2
-1,280897.75,Dash,-2
-1,280897.75,Run,-2
-1,280897.75,Run,-2
-1,280897.75,Run,-2
-1,280897.75,Run,-2
-1,280897.75,Run,-2
-1,280897.75,Run,-2
-1,280897.75,Run,-2
-1,280897.75,Run,-2
-1,280897.75,Run,-2
-1,280897.75,Run,-2
-1,280897.75,Run,-2
-1,280897.75,Run,-2
-1,214369.0,Dash,-2
-1,214369.0,Run,-2
-1,212744.0,Run,-2
-1,211098.046875,Run,-2
-1,209473.0625,Dash,-2
-1,207848.0625,Run,-2
-1,206223.0625,Run,-2
-1,204598.0625,Run,-2
-1,202973.0625,Run,-2
-1,201348.0625,Run,-2
-1,199723.0625,Run,-2
-1,198098.0625,Run,-2
-1,196473.0625,Run,-2
-1,194848.0625,Run,-2
-1,193223.0625,Run,-2
-1,193223.0625,Run,-2
-1,193223.0625,Run,-2
-1,192605.5625,Dash,-2
-1,191988.0625,Dash,-2
-1,191370.5625,Run,-2
-1,190753.0625,Dash,-2
-1,190135.5625,Run,-2
-1,189518.0625,Dash,-2
-1,188900.578125,Dash,-2
-1,188283.078125,Run,-2
-1,187665.578125,Dash,-2
-1,187048.078125,Run,-2
-1,186430.59375,Blast,-2
-1,185813.09375,Run,-2
-1,185813.09375,Run,-2
-1,185813.09375,Run,-2
-1,185813.09375,Run,-2
-1,185813.09375,Run,-2
-1,185813.09375,Run,-2
-1,185813.09375,Run,-2
-1,185813.09375,Run,-2
-1,185813.09375,Run,-2
-1,185813.09375,Run,-2
-1,185813.09375,Dash,-2
-1,185813.09375,Run,-2
1,185813.09375,Run,-2
-2,185813.09375,Run,-2
-2,184427.140625,Run,-2
-2,183020.21875,Dash,-2
-2,181634.28125,Run,-2
-2,180248.34375,Run,-2
-1,178862.375,Run,-2
-1,175571.15625,Run,-2
-1,172362.84375,Blast,-2
0,170363.15625,Run,-1
0,168910.765625,Run,-1
0,167458.375,Run,-1
0,166006.0,Run,-1
0,164553.59375,Run,-1
0,163101.21875,Run,-1
0,161648.8125,Run,-1
-1,160832.125,Dash,-1
-1,158877.65625,Jump,-1
-1,157002.4375,Run,-1
-1,153724.90625,Blast,-1
-1,150526.625,Jump,-1
-1,147407.5625,Jump,-1
-1,144367.734375,Jump,-1
-1,141407.15625,Run,-1
-1,138525.796875,Jump,-1
-1,135723.671875,Run,-1
-1,133000.78125,Run,-1
-1,130357.140625,Run,-1
-1,127792.71875,Run,-1
-1,125307.53125,Jump,-1
-1,122540.296875,Run,-1
-1,120223.4921875,Jump,-1
-1,117985.921875,Jump,-1
-1,115827.6015625,Run,-1
-1,113748.5,Run,-1
-1,111748.640625,Run,-1
-1,109526.328125,Run,-1
-1,107403.171875,Run,-1
-1,105835.0,Run,-1
-1,105518.34375,Run,-1
-1,105281.015625,Run,-1
-1,105416.9921875,Run,-1
2,105554.8984375,Run,-1
2,104181.4765625,Run,-1
2,102874.90625,Run,-1
2,101635.2109375,Run,-1
2,100462.390625,Run,-1
2,99356.4609375,Jump,-1
2,98317.4375,Run,-1
2,97672.75,Run,-1
2,97107.3046875,Jump,-1
2,96281.203125,Jump,-1
-1,95867.984375,Run,-1
-1,94529.5859375,Run,-1
-1,93270.4140625,Jump,-1
-1,91774.140625,Jump,-1
-1,90683.296875,Run,-1
-1,89671.6796875,Jump,-1
2,88739.296875,Run,-1
2,87606.765625,Jump,-1
2,86553.46875,Run,-1
2,85579.390625,Run,-1
2,84684.5625,Run,-1
2,83551.234375,Run,-1
2,82484.875,Run,-1
2,81485.515625,Jump,-1
2,80553.15625,Dash,-1
2,80029.59375,Run,-1
-1,78651.296875,Run,-1
-1,75482.6484375,Run,-1
-1,72446.0,Jump,-1
-1,69541.375,Run,-1
-1,67553.1328125,Jump,-1
-1,65696.90625,Jump,-1
-1,63972.6953125,Dash,-1
1,63008.8046875,Run,-1
1,63692.359375,Jump,-1
1,64402.3671875,Run,-1
1,65138.83203125,Jump,-1
1,65901.75,Jump,-1
1,67582.03125,Jump,-1
1,69341.5390625,Run,-1
1,71180.28125,Run,-1
1,73098.2578125,Run,-1
1,74752.96875,Run,-1
1,76471.359375,Run,-1
1,78253.8984375,Run,-1
1,79275.359375,Jump,-1
1,80379.5546875,Run,-1
1,81094.40625,Jump,-1
1,81888.5,Run,-1
1,82761.828125,Run,-1
1,83714.390625,Jump,-1
-1,84444.9453125,Jump,-1
-1,81735.1171875,Dash,-1
-1,79104.515625,Run,-1
-1,76553.15625,Run,-1
-1,73817.6953125,Run,-1
-1,71182.03125,Dash,-1
-1,68646.125,Jump,-1
-1,66984.703125,Run,-1
-1,65637.7734375,Run,-1
-1,64370.0703125,Run,-1
-1,64020.328125,Dash,-1
-1,63754.5546875,Run,-1
-1,63956.1328125,Dash,-1
-1,64163.3125,Jump,-1
-1,63826.9140625,Run,-1
-1,63490.51171875,Dash,-1
-1,61249.70703125,Run,-1
-1,59054.796875,Run,-1
-1,56905.7890625,Run,-1
-1,54802.671875,Jump,-1
-1,52745.4609375,Run,-1
-1,50734.140625,Run,-1
-1,48768.7265625,Run,-1
-1,46849.203125,Jump,-1
1,44975.578125,Run,-1
1,44217.48046875,Run,-1
1,43750.8203125,Jump,-1
1,42809.75390625,Run,-1
1,41932.6640625,Run,-1
-1,41146.7578125,Jump,-1
-1,38424.51171875,Run,-1
-1,35855.88671875,Run,-1
-1,33720.6328125,Run,-1
-1,31855.2421875,Run,-1
-1,30119.2890625,Jump,-1
-1,28508.818359375,Run,-1
1,28232.109375,Run,-1
-1,28042.564453125,Run,-1
-1,27921.5,Run,-1
-1,28027.984375,Jump,-1
-1,28142.6484375,Dash,-1
-1,28266.40234375,Run,-1
1,27262.84765625,Run,-1
1,27157.41015625,Run,-1
1,27121.009765625,Run,-1
1,27154.947265625,Jump,-1
1,27254.5703125,Run,-1
1,27416.990234375,Jump,-1
1,27639.71484375,Run,-1
1,27920.65234375,Jump,-1
1,28258.12109375,Run,-1
1,28650.83984375,Jump,-1
1,29240.353515625,Dash,-1
1,29883.11328125,Run,-1
1,29866.70703125,Jump,-1
1,29847.75390625,Dash,-1
1,29826.255859375,Run,-1
1,30136.716796875,Jump,-1
3,31228.6328125,Jump,-1
-3,31987.099609375,Run,-1
-3,32745.56640625,Run,-1
-3,33504.03515625,Run,-1
-3,34262.5,Dash,-1
-3,35020.96875,Run,-1
-3,35779.4375,Dash,-1
-3,36537.90234375,Run,-1
-3,37296.37109375,Run,-1
-3,37908.19921875,Run,-1
-3,38610.01171875,Run,-1
-3,39401.99609375,Run,-1
-3,40284.46875,Run,-1
-1,41257.28515625,Run,-1
-1,42362.07421875,Blast,-1
-1,43037.15625,Run,-1
-1,43493.76171875,Run,-1
-1,44015.62890625,Blast,-1
-1,44603.62890625,Jump,-1
-1,45259.01171875,Run,-1
-1,45983.40234375,Run,-1
-1,46778.80078125,Run,-1
-1,47647.578125,Jump,-1
-1,48592.48046875,Jump,-1
-1,49616.63671875,Run,-1
-1,50723.54296875,Jump,-1
-1,51917.07421875,Jump,-1
1,53201.48046875,Jump,-1
0,53128.015625,Run,0
0,53067.5,Run,0
0,53017.8828125,Run,0
0,52977.1015625,Run,0
0,52943.09375,Run,0
0,52913.8046875,Run,0
0,52887.1796875,Run,0
-1,52568.34765625,Run,0
-1,52703.72265625,Jump,0
-1,52959.828125,Run,0
-1,53329.984375,Run,0
-1,53811.87890625,Run,0
-1,54400.5078125,Run,0
-1,55091.23828125,Run,0
-1,55879.8046875,Run,0
-1,56762.296875,Run,0
-1,56873.4296875,Run,0
-1,57110.3203125,Run,0
-1,57466.02734375,Run,0
-1,57923.91015625,Jump,0
-1,58791.0703125,Run,0
-1,60136.6953125,Jump,0
-1,61544.3984375,Jump,0
-1,63017.19921875,Run,0
-1,64559.96484375,Run,0
-1,66172.15625,Run,0
-1,67853.609375,Run,0
-1,69604.5234375,Blast,0
-1,71425.46875,Run,0
-1,72256.7890625,Run,0
-1,73139.0703125,Jump,0
-1,74074.3125,Jump,0
-1,75064.859375,Blast,0
-1,76113.4765625,Jump,0
-1,77223.25,Blast,0
-1,78397.671875,Run,0
-1,79640.6171875,Jump,0
-1,80956.3203125,Run,0
-1,82349.375,Run,0
1,83824.796875,Run,0
1,85387.9296875,Run,0
1,87044.515625,Run,0
1,88800.671875,Run,0
-3,90662.8828125,Run,0
-3,92568.46875,Run,0
-3,94506.578125,Dash,0
-3,96477.203125,Run,0
-3,98480.3515625,Dash,0
-3,100516.015625,Run,0
-3,105719.75,Run,0
-3,111060.1796875,Run,0
-3,116537.3046875,Run,0
-3,122151.1328125,Blast,0
-3,127901.6484375,Run,0
-3,133788.875,Run,0
-3,139812.78125,Run,1
-1,145973.375,Run,1
-1,152314.8125,Run,1
-1,157526.203125,Run,1
-1,162833.703125,Run,1
-1,168237.28125,Blast,1
-1,173736.921875,Run,1
-1,174889.859375,Jump,1
-1,176121.359375,Blast,1
-1,177433.0,Run,1
-1,178826.65625,Run,1
-1,180304.625,Blast,1
-1,181869.578125,Run,1
-1,183524.546875,Jump,1
-1,185272.9375,Run,1
-1,187118.546875,Blast,1
-1,189065.546875,Run,1
-1,191118.453125,Run,1
-1,193282.1875,Jump,1
-1,195562.03125,Jump,1
-1,197963.671875,Jump,1
-1,200493.125,Run,1
-1,202716.28125,Run,1
-1,204725.125,Jump,1
-1,206785.203125,Blast,1
-2,208867.671875,Blast,1
-2,209749.03125,Dash,1
-2,210630.390625,Run,1
-2,211511.734375,Run,1
-2,212393.09375,Run,1
-2,213274.453125,Run,1
-1,214155.8125,Run,1
-1,213806.78125,Jump,1
-1,213509.421875,Run,1
-1,213263.3125,Jump,1
0,213859.578125,Run,2
0,214455.859375,Run,2
0,215052.15625,Dash,2
0,215648.421875,Run,2
0,216244.703125,Run,2
0,216840.96875,Run,2
0,217437.265625,Run,2
-1,217581.28125,Run,2
-1,218544.84375,Run,2
-1,219559.65625,Run,2
-1,220625.71875,Run,2
-1,221743.03125,Jump,2
-1,224994.96875,Run,2
-1,226224.796875,Blast,2
-1,227505.875,Jump,2
-1,228838.203125,Blast,2
-1,230221.765625,Run,2
-1,231656.59375,Run,2
-3,231318.0,Run,2
-3,233663.6875,Run,2
-3,236009.40625,Run,2
-3,238355.09375,Dash,2
-3,240700.78125,Dash,2
-3,243046.5,Run,2
-3,245392.1875,Run,2
-3,247737.90625,Run,2
3,249194.8125,Run,2
3,249194.8125,Blast,2
3,249194.8125,Run,2
3,249194.8125,Run,2
3,249194.8125,Run,2
1,249194.8125,Run,2
-1,249246.0625,Jump,2
-1,249331.46875,Run,2
-1,249604.78125,Run,2
-1,249878.109375,Run,2
-1,252497.484375,Run,2
-1,255116.953125,Run,2
-1,257723.671875,Dash,2
-1,260343.15625,Run,2
2,266790.75,Run,2
2,271113.875,Run,2
2,275454.875,Run,2
2,279813.8125,Run,2
2,284190.625,Blast,2
2,288585.34375,Blast,2
2,292997.9375,Run,2
1,297428.46875,Run,2
1,302660.75,Run,2
-1,307910.9375,Run,2
-1,315172.40625,Run,2
-1,321241.71875,Run,2
-1,327415.0,Jump,2
-1,329917.09375,Jump,2
-1,331554.625,Run,2
-1,332947.5,Run,2
-1,334280.625,Jump,2
-1,335696.1875,Run,2
-1,337926.375,Run,2
-1,340232.0625,Run,2
-1,342855.6875,Run,2
2,345512.5625,Run,2
2,345907.3125,Run,2
2,346357.96875,Jump,2
2,346860.78125,Run,2
2,347400.0,Jump,2
2,347971.0625,Jump,2
2,348569.65625,Run,2
1,349191.8125,Run,2
1,350631.46875,Run,2
1,352110.5,Run,2
-1,353628.90625,Run,2
-1,357595.71875,Run,2
-1,360187.1875,Run,2
-1,362811.53125,Run,2
-1,365474.875,Run,2
-1,368153.75,Jump,2
-1,370846.4375,Run,2
-1,372510.53125,Dash,2
-1,373692.25,Run,2
-1,378348.90625,Jump,2
-1,383396.96875,Jump,2
-1,386393.875,Run,2
-1,386734.1875,Run,2
-1,387066.5,Run,2
-1,387398.8125,Run,2
1,387731.125,Run,2
1,388063.4375,Jump,2
1,388458.03125,Run,2
1,387328.53125,Jump,2
1,386261.3125,Run,2
1,385256.375,Run,2
1,384313.78125,Run,2
1,383433.5,Jump,2
1,382593.75,Jump,2
3,381882.75,Run,2
3,377773.90625,Run,2
3,373686.9375,Burst,2
3,369621.75,Jump,2
3,365447.40625,Run,2
3,361273.0625,Dash,2
3,357098.6875,Dash,2
3,352924.34375,Run,2
3,348749.96875,Run,2
3,344575.625,Burst,2
3,340401.28125,Run,2
3,336226.90625,Jump,2
3,332052.5625,Run,2
1,327878.1875,Run,2
1,323767.09375,Run,2
1,322307.3125,Jump,2
1,320910.8125,Dash,2
1,319577.5,Run,2
1,318307.4375,Run,2
1,317100.6875,Run,2
1,315957.125,Run,2
1,314876.84375,Run,2
1,313859.75,Jump,2
1,312905.9375,Jump,2
1,312015.40625,Run,2
1,311188.0625,Run,2
1,310423.96875,Jump,2
1,309723.15625,Run,2
1,309085.5625,Run,2
1,308511.25,Run,2
1,311172.6875,Dash,2
1,313897.375,Run,2
1,316685.3125,Run,2
1,319536.5,Run,2
1,322450.9375,Run,2
1,325466.28125,Run,2
1,328586.8125,Run,2
1,331817.28125,Run,2
1,335162.6875,Run,2
8,337042.21875,Run,2
8,337461.6875,Dash,2
8,338013.59375,Jump,2
8,339939.875,Dash,2
8,341889.75,Jump,2
8,342240.0,Burst,2
8,340644.71875,Run,2
8,339058.53125,Run,2
8,337472.03125,Dash,2
8,335885.53125,Dash,2
8,334299.03125,Dash,2
8,332711.5,Dash,2
8,331125.46875,Jump,2
8,329538.96875,Dash,2
8,327952.46875,Dash,2
8,326365.96875,Run,2
8,324790.46875,Run,2
8,323307.46875,Run,1
8,321140.8125,Run,1
8,318982.9375,Burst,1
8,316833.78125,Burst,1
8,314691.84375,Burst,1
8,312561.375,Burst,1
8,310438.5,Burst,1
8,308324.34375,Burst,1
-1,308047.875,Burst,2
1,307421.75,Run,2
1,305218.875,Jump,2
8,303082.5625,Jump,2
8,301012.78125,Jump,2
8,299009.5625,Jump,2
8,297072.90625,Jump,2
8,295202.78125,Jump,2
8,293399.1875,Jump,2
8,291662.15625,Jump,2
8,289991.65625,Jump,2
8,288387.71875,Jump,2
8,286850.3125,Jump,2
8,285379.46875,Jump,2
8,283975.15625,Jump,2
8,282637.40625,Jump,2
8,281366.1875,Jump,2
8,280161.5,Jump,2
8,279023.375,Jump,2
8,277951.8125,Jump,2
8,276946.78125,Jump,2
8,277563.90625,Run,2
8,278247.59375,Burst,2
8,277442.21875,Burst,2
8,276703.34375,Burst,2
8,276031.0625,Burst,2
8,275425.28125,Burst,2
8,274886.0625,Burst,2
8,277524.65625,Run,2
8,280229.8125,Run,2
8,283001.5,Dash,3
8,285839.71875,Run,2
8,289661.5,Dash,2
8,293566.125,Jump,2
8,297553.96875,Jump,2
1,301625.40625,Jump,2
1,305780.84375,Burst,2
1,309644.65625,Melee,2
1,313135.5625,Melee,2
1,316700.5625,Melee,2
5,320339.9375,Melee,2
5,320556.0625,Melee,1
5,320844.65625,Melee,1
5,321205.75,Melee,1
5,321639.34375,Melee,1
5,322145.4375,Melee,1
5,322724.03125,Melee,1
5,323375.125,Melee,1
5,324098.6875,Melee,1
5,324894.78125,Melee,1
5,325763.34375,Melee,1
5,326704.40625,Melee,1
5,327717.96875,Melee,0
5,328804.03125,Melee,0
5,329962.59375,Melee,0
5,331193.65625,Melee,0
5,332497.1875,Melee,0
5,333779.1875,Melee,0
5,333779.1875,Burst,0
5,333779.1875,Melee,0
5,333779.1875,Melee,0
5,333779.1875,Melee,0
5,333779.1875,Melee,0
5,333779.1875,Melee,0
5,333779.1875,Melee,0
5,333779.1875,Melee,0
5,333779.1875,Burst,0
5,333779.1875,Melee,0
5,333779.1875,Melee,0
5,333779.1875,Melee,0
5,333779.1875,Melee,0
5,333779.1875,Melee,0
5,333779.1875,Melee,0
5,333779.1875,Melee,0
5,333779.1875,Melee,0
5,333779.1875,Melee,0
5,333779.1875,Melee,0
5,333779.1875,Melee,0
5,333779.1875,Melee,0
5,333779.1875,Melee,0
5,333779.1875,Melee,0
5,333779.1875,Burst,0
5,333779.1875,Melee,0
5,333779.1875,Melee,0
5,333779.1875,Melee,0
5,333779.1875,Melee,0
5,333779.1875,Melee,0
5,333779.1875,Melee,0
5,333779.1875,Melee,0
5,333779.1875,Melee,0
5,333779.1875,Melee,0
5,333779.1875,Melee,0
5,333779.1875,Melee,0
5,333779.1875,Melee,0
5,333779.1875,Melee,0
5,333779.1875,Melee,0
5,333779.1875,Melee,0
5,333779.1875,Melee,0
5,333779.1875,Melee,0
5,333779.1875,Melee,0
5,333779.1875,Burst,0
5,333779.1875,Melee,0
5,333779.1875,Melee,0
5,333779.1875,Melee,0
5,333779.1875,Melee,0
5,333779.1875,Burst,0
5,333779.1875,Melee,0
5,333779.1875,Melee,0
5,333779.1875,Melee,0
5,333779.1875,Melee,0
5,333779.1875,Melee,0
5,333779.1875,Melee,0
5,333779.1875,Melee,0
5,333779.1875,Melee,0
5,334391.75,Melee,0
5,335019.03125,Melee,0
5,335646.34375,Melee,0
5,336273.625,Burst,0
5,336900.9375,Melee,0
5,337528.25,Melee,0
5,338155.53125,Melee,0
5,338155.53125,Melee,0
5,338155.53125,Melee,0
5,338155.53125,Melee,0
5,338155.53125,Melee,0
5,338155.53125,Melee,0
5,338155.53125,Melee,0
5,338155.53125,Melee,0
5,338155.53125,Melee,0
5,338155.53125,Melee,0
5,338155.53125,Melee,0
5,338155.53125,Melee,0
5,338155.53125,Melee,0
5,338155.53125,Melee,0
5,338155.53125,Burst,0
5,338155.53125,Burst,0
5,338155.53125,Burst,0
5,338155.53125,Burst,0
5,338155.53125,Burst,0
5,338155.53125,Burst,0
5,338155.53125,Melee,0
5,338155.53125,Melee,0
5,338155.53125,Melee,0
5,338155.53125,Melee,0
5,338155.53125,Melee,0
5,338155.53125,Melee,0
5,338155.53125,Melee,0
5,338155.53125,Melee,0
5,338155.53125,Melee,0
5,338155.53125,Burst,0
5,338155.53125,Burst,0
5,338155.53125,Melee,0
5,338155.53125,Melee,0
5,338155.53125,Melee,0
5,338155.53125,Melee,0
5,338155.53125,Melee,0
5,338155.53125,Burst,0
5,338155.53125,Burst,0
5,338155.53125,Melee,0
5,338155.53125,Melee,0
5,338155.53125,Melee,0
5,338155.53125,Melee,0
5,338155.53125,Burst,0
5,338155.53125,Burst,0
5,338155.53125,Melee,0
5,338155.53125,Melee,0
5,338155.53125,Melee,0
5,338155.53125,Melee,0
5,338155.53125,Melee,0
5,338155.53125,Melee,0
5,338155.53125,Melee,0
5,338155.53125,Melee,0
5,338155.53125,Melee,0
5,338155.53125,Melee,0
5,338155.53125,Melee,0
5,338955.84375,Melee,0
5,339753.625,Melee,0
5,340553.84375,Melee,0
5,341354.03125,Melee,0
5,342154.25,Melee,0
5,342954.46875,Melee,0
5,343754.65625,Melee,0
5,343754.65625,Melee,0
5,343754.65625,Melee,0
5,343754.65625,Melee,0
5,343754.65625,Melee,0
5,343754.65625,Melee,0
5,343754.65625,Melee,0
5,343754.65625,Melee,0
5,343754.65625,Melee,0
5,343754.65625,Melee,0
5,343754.65625,Melee,0
5,343754.65625,Melee,0
5,343754.65625,Melee,0
5,343754.65625,Melee,0
5,343754.65625,Melee,0
5,343754.65625,Melee,0
5,343754.65625,Melee,0
5,343754.65625,Melee,0
5,343754.65625,Melee,0
5,343754.65625,Melee,0
5,343754.65625,Melee,0
5,343754.65625,Melee,0
5,343754.65625,Melee,0
5,343754.65625,Melee,0
5,343754.65625,Melee,0
5,343754.65625,Melee,0
5,343754.65625,Melee,0
5,343754.65625,Melee,0
5,343754.65625,Melee,0
5,343754.65625,Melee,0
5,343754.65625,Melee,0
5,343754.65625,Melee,0
5,343754.65625,Melee,0
5,343754.65625,Melee,0
5,343754.65625,Melee,0
5,343754.65625,Melee,0
5,343754.65625,Melee,0
5,343754.65625,Melee,0
5,343754.65625,Melee,0
5,343754.65625,Melee,0
5,343754.65625,Melee,0
5,343754.65625,Melee,0
5,343754.65625,Melee,0
5,343754.65625,Melee,0
5,343754.65625,Melee,0
5,343754.65625,Melee,0
5,343754.65625,Melee,0
5,343754.65625,Melee,0
5,343754.65625,Melee,0
5,343754.65625,Melee,0
5,343754.65625,Melee,0
5,343754.65625,Melee,0
5,343754.65625,Melee,0
5,343754.65625,Melee,0
5,343754.65625,Melee,0
5,343754.65625,Melee,0
5,343754.65625,Melee,0
5,343754.65625,Melee,0
5,343754.65625,Melee,0
5,343754.65625,Melee,0
5,343754.65625,Melee,0
5,343754.65625,Melee,0
5,343754.65625,Melee,0
5,343754.65625,Melee,0
5,343754.65625,Melee,0
5,343754.65625,Melee,0
5,343754.65625,Melee,0
5,343754.65625,Melee,0
5,343754.65625,Melee,0
5,343754.65625,Melee,0
5,343754.65625,Melee,0
5,343754.65625,Melee,0
5,343754.65625,Melee,0
5,343754.65625,Melee,0
5,343754.65625,Melee,0
5,343754.65625,Melee,0
5,343754.65625,Melee,0
5,343754.65625,Melee,0
5,343754.65625,Melee,0
5,343754.65625,Melee,0
5,343754.65625,Melee,0
5,343754.65625,Melee,0
5,343754.65625,Melee,0
5,343754.65625,Melee,0
5,343754.65625,Melee,0
5,343754.65625,Melee,0
5,343754.65625,Melee,0
5,343754.65625,Melee,0
5,343754.65625,Melee,0
5,343754.65625,Melee,0
5,343754.65625,Melee,0
5,343754.65625,Melee,0
5,343754.65625,Melee,0
5,343754.65625,Melee,0
5,343754.65625,Melee,0
5,343754.65625,Melee,0
5,343754.65625,Melee,0
5,343754.65625,Melee,0
5,343754.65625,Melee,0
5,343754.65625,Melee,0
5,343754.65625,Melee,0
5,343754.65625,Melee,0
5,343754.65625,Melee,0
5,343754.65625,Melee,0
5,343754.65625,Melee,0
5,343754.65625,Melee,0
5,343754.65625,Melee,0
5,343754.65625,Melee,0
5,343754.65625,Melee,0
5,343754.65625,Melee,0
5,343754.65625,Melee,0
5,343754.65625,Melee,0
5,343754.65625,Melee,0
5,343754.65625,Melee,0
5,343754.65625,Melee,0
5,343754.65625,Melee,0
5,343754.65625,Melee,0
5,343754.65625,Melee,0
5,343754.65625,Melee,0
5,343754.65625,Melee,0
5,343754.65625,Melee,0
5,343754.65625,Melee,0
5,343754.65625,Melee,0
5,343754.65625,Melee,0
5,343754.65625,Melee,0
5,343754.65625,Melee,0
5,343754.65625,Melee,0
5,343754.65625,Melee,0
5,343754.65625,Melee,0
5,343754.65625,Melee,0
5,343754.65625,Melee,0
5,343754.65625,Melee,0
5,343754.65625,Melee,0
5,343754.65625,Melee,0
5,343754.65625,Melee,0
5,343754.65625,Melee,0
5,343754.65625,Melee,0
5,343754.65625,Melee,0
5,343754.65625,Melee,0
5,343754.65625,Melee,0
5,343754.65625,Melee,0
5,343754.65625,Melee,0
5,343754.65625,Melee,0
5,343754.65625,Melee,0
5,343754.65625,Melee,0
5,343754.65625,Melee,0
5,343754.65625,Melee,0
5,343754.65625,Melee,0
5,343754.65625,Melee,0
5,343754.65625,Melee,0
5,343754.65625,Melee,0
5,343754.65625,Melee,0
5,343754.65625,Melee,0
5,343754.65625,Melee,0
5,343754.65625,Melee,0
5,343754.65625,Melee,0
5,343754.65625,Melee,0
5,343754.65625,Melee,0
5,343754.65625,Melee,0
5,343754.65625,Melee,0
5,343754.65625,Melee,0
5,343754.65625,Melee,0
5,343754.65625,Melee,0
5,343754.65625,Melee,0
5,343754.65625,Melee,0
5,343754.65625,Melee,0
5,343754.65625,Melee,0
5,343754.65625,Melee,0
5,343754.65625,Melee,0
5,343754.65625,Melee,0
5,343754.65625,Melee,0
5,343754.65625,Melee,0
5,343754.65625,Melee,0
5,343754.65625,Melee,0
5,343754.65625,Melee,0
5,343754.65625,Melee,0
5,343754.65625,Melee,0
5,343754.65625,Melee,0
5,343754.65625,Melee,0
5,343754.65625,Melee,0
5,343754.65625,Melee,0
5,343754.65625,Melee,0
5,343754.65625,Melee,0
5,343754.65625,Melee,0
5,343754.65625,Melee,0
5,343754.65625,Melee,0
5,343754.65625,Melee,0
5,343754.65625,Melee,0
5,343754.65625,Melee,0
5,343754.65625,Melee,0
5,343754.65625,Melee,0
5,343754.65625,Melee,0
5,343754.65625,Melee,0
5,343754.65625,Melee,0
5,343754.65625,Melee,0
5,343754.65625,Melee,0
5,343754.65625,Melee,0
5,343754.65625,Melee,0
5,343754.65625,Melee,0
5,343754.65625,Melee,0
5,343754.65625,Melee,0
5,343754.65625,Melee,0
5,343754.65625,Melee,0
5,343754.65625,Melee,0
5,343754.65625,Melee,0
5,343754.65625,Melee,0
5,343754.65625,Melee,0
5,343754.65625,Melee,0
5,343754.65625,Melee,0
5,343754.65625,Melee,0
5,343754.65625,Melee,0
5,343754.65625,Melee,0
5,343754.65625,Melee,0
5,343754.65625,Melee,0
5,343754.65625,Melee,0
5,343754.65625,Melee,0
5,343754.65625,Melee,0
5,343754.65625,Melee,0
5,343754.65625,Melee,0
5,343754.65625,Melee,0
5,343754.65625,Melee,0
5,343754.65625,Melee,0
5,343754.65625,Melee,0
5,343754.65625,Melee,0
5,343754.65625,Melee,0
5,343754.65625,Melee,0
5,343754.65625,Melee,0
5,343754.65625,Melee,0
5,343754.65625,Melee,0
5,343754.65625,Melee,0
5,343754.65625,Melee,0
5,343754.65625,Melee,0
5,343754.65625,Melee,0
5,343754.65625,Melee,0
5,343754.65625,Melee,0
5,343754.65625,Melee,0
5,343754.65625,Melee,0
5,343754.65625,Melee,0
5,343754.65625,Melee,0
5,343754.65625,Melee,0
5,343754.65625,Melee,0
5,343754.65625,Melee,0
5,343754.65625,Melee,0
5,343754.65625,Melee,0
5,343754.65625,Melee,0
5,343754.65625,Melee,0
5,343754.65625,Melee,0
5,343754.65625,Melee,0
5,343754.65625,Melee,0
5,343754.65625,Melee,0
5,343754.65625,Melee,0
5,343754.65625,Melee,0
5,343754.65625,Melee,0
5,343754.65625,Melee,0
5,343754.65625,Melee,0
5,343754.65625,Melee,0
5,343754.65625,Melee,0
5,343754.65625,Melee,0
5,343754.65625,Melee,0
5,343754.65625,Melee,0
5,343754.65625,Melee,0
5,343754.65625,Melee,0
5,343754.65625,Melee,0
5,343754.65625,Melee,0
5,343754.65625,Melee,0
5,343754.65625,Melee,0
5,343754.65625,Melee,0
5,343754.65625,Melee,0
5,343754.65625,Melee,0
5,343754.65625,Melee,0
5,343754.65625,Melee,0
5,343754.65625,Melee,0
5,343754.65625,Melee,0
5,343754.65625,Melee,0
5,343754.65625,Melee,0
5,343754.65625,Melee,0
5,343754.65625,Melee,0
5,343754.65625,Melee,0
5,343754.65625,Melee,0
5,343754.65625,Melee,0
5,343754.65625,Melee,0
5,343754.65625,Melee,0
5,343754.65625,Melee,0
5,343754.65625,Melee,0
5,343754.65625,Melee,0
5,343754.65625,Melee,0
5,343754.65625,Melee,0
5,343754.65625,Melee,0
5,343754.65625,Melee,0
5,343754.65625,Melee,0
5,343754.65625,Melee,0
5,343754.65625,Melee,0
5,343754.65625,Melee,0
5,343754.65625,Melee,0
5,343754.65625,Melee,0
5,343754.65625,Melee,0
5,343754.65625,Melee,0
5,343754.65625,Melee,0
5,343754.65625,Melee,0
5,343754.65625,Melee,0
5,343754.65625,Melee,0
5,343754.65625,Melee,0
5,343754.65625,Melee,0
5,343754.65625,Melee,0
5,343754.65625,Melee,0
5,343754.65625,Melee,0
5,343754.65625,Melee,0
5,343754.65625,Melee,0
5,343754.65625,Melee,0
5,343754.65625,Melee,0
5,343754.65625,Melee,0
5,343754.65625,Melee,0
5,343754.65625,Melee,0
5,343754.65625,Melee,0
5,343754.65625,Melee,0
5,343754.65625,Melee,0
5,343754.65625,Melee,0
5,343754.65625,Melee,0
5,343754.65625,Melee,0
5,343754.65625,Melee,0
5,343754.65625,Melee,0
5,343754.65625,Melee,0
5,343754.65625,Melee,0
5,343754.65625,Melee,0
5,343754.65625,Melee,0
5,343754.65625,Melee,0
5,343754.65625,Melee,0
5,343754.65625,Melee,0
5,343754.65625,Melee,0
5,343754.65625,Melee,0
5,343754.65625,Melee,0
5,343754.65625,Melee,0
5,343754.65625,Melee,0
5,343754.65625,Melee,0
5,343754.65625,Melee,0
5,343754.65625,Melee,0
5,343754.65625,Melee,0
5,343754.65625,Melee,0
5,343754.65625,Melee,0
5,343754.65625,Melee,0
5,343754.65625,Melee,0
5,343754.65625,Melee,0
5,343754.65625,Melee,0
5,343754.65625,Melee,0
5,343754.65625,Melee,0
5,343754.65625,Melee,0
5,343754.65625,Melee,0
5,343754.65625,Melee,0
5,343754.65625,Melee,0
5,343754.65625,Melee,0
5,343754.65625,Melee,0
5,343754.65625,Melee,0
5,343754.65625,Melee,0
5,343754.65625,Melee,0
5,343754.65625,Melee,0
5,343754.65625,Melee,0
5,343754.65625,Melee,0
5,343754.65625,Melee,0
5,343754.65625,Melee,0
5,343754.65625,Melee,0
5,343754.65625,Melee,0
5,343754.65625,Melee,0
5,343754.65625,Melee,0
5,343754.65625,Melee,0
5,343754.65625,Melee,0
5,343754.65625,Melee,0
5,343754.65625,Melee,0
5,343754.65625,Melee,0
5,343754.65625,Melee,0
5,343754.65625,Melee,0
5,343754.65625,Melee,0
5,343754.65625,Melee,0
5,343754.65625,Melee,0
5,343754.65625,Melee,0
5,343754.65625,Melee,0
5,343754.65625,Melee,0
5,343754.65625,Melee,0
5,343754.65625,Melee,0
5,343754.65625,Melee,0
5,343754.65625,Melee,0
5,343754.65625,Melee,0
5,343754.65625,Melee,0
5,343754.65625,Melee,0
5,343754.65625,Melee,0
5,343754.65625,Melee,0
5,343754.65625,Melee,0
5,343754.65625,Melee,0
5,343754.65625,Melee,0
5,343754.65625,Melee,0
5,343754.65625,Melee,0
5,343754.65625,Melee,0
5,343754.65625,Melee,0
5,343754.65625,Melee,0
5,343754.65625,Melee,0
5,343754.65625,Melee,0
5,343754.65625,Melee,0
5,343754.65625,Melee,0
5,343754.65625,Melee,0
5,343754.65625,Melee,0
5,343754.65625,Melee,0
5,343754.65625,Melee,0
5,343754.65625,Melee,0
5,343754.65625,Melee,0
5,343754.65625,Melee,0
5,343754.65625,Melee,0
5,343754.65625,Melee,0
5,343754.65625,Melee,0
5,343754.65625,Melee,0
5,343754.65625,Melee,0
5,343754.65625,Melee,0
5,343754.65625,Melee,0
5,343754.65625,Melee,0
5,343754.65625,Melee,0
5,343754.65625,Melee,0
5,343754.65625,Melee,0
5,343754.65625,Melee,0
5,343754.65625,Melee,0
5,343754.65625,Melee,0
5,343754.65625,Melee,0
5,343754.65625,Melee,0
5,343754.65625,Melee,0
5,343754.65625,Melee,0
5,343754.65625,Melee,0
5,343754.65625,Melee,0
5,343754.65625,Melee,0
5,343754.65625,Melee,0
5,343754.65625,Melee,0
5,343754.65625,Melee,0
5,343754.65625,Melee,0
5,343754.65625,Melee,0
5,343754.65625,Melee,0
5,343754.65625,Melee,0
5,343754.65625,Melee,0
5,343754.65625,Melee,0
5,343754.65625,Melee,0
5,343754.65625,Melee,0
5,343754.65625,Melee,0
5,343754.65625,Melee,0
5,343754.65625,Melee,0
5,343754.65625,Melee,0
5,343754.65625,Melee,0
5,343754.65625,Melee,0
5,343754.65625,Melee,0
5,343754.65625,Melee,0
5,343754.65625,Melee,0
5,343754.65625,Melee,0
5,343754.65625,Melee,0
5,343754.65625,Melee,0
5,343754.65625,Melee,0
5,343754.65625,Melee,0
5,343754.65625,Melee,0
5,343754.65625,Melee,0
5,343754.65625,Melee,0
5,343754.65625,Melee,0
5,343754.65625,Melee,0
5,343754.65625,Melee,0
5,343754.65625,Melee,0
5,343754.65625,Melee,0
5,343754.65625,Melee,0
5,343754.65625,Melee,0
5,343754.65625,Melee,0
5,343754.65625,Melee,0
5,343754.65625,Melee,0
5,343754.65625,Melee,0
5,343754.65625,Melee,0
5,343754.65625,Melee,0
5,343754.65625,Melee,0
5,343754.65625,Melee,0
5,343754.65625,Melee,0
5,343754.65625,Melee,0
5,343754.65625,Melee,0
5,343754.65625,Melee,0
5,343754.65625,Melee,0
5,343754.65625,Melee,0
5,343754.65625,Melee,0
5,343754.65625,Melee,0
5,343754.65625,Melee,0
5,343754.65625,Melee,0
5,343754.65625,Melee,0
5,343754.65625,Melee,0
5,343754.65625,Melee,0
5,343754.65625,Melee,0
5,343754.65625,Melee,0
5,343754.65625,Melee,0
5,343754.65625,Melee,0
5,343754.65625,Melee,0
5,343754.65625,Melee,0
5,343754.65625,Melee,0
5,343754.65625,Melee,0
5,343754.65625,Melee,0
5,343754.65625,Melee,0
5,343754.65625,Melee,0
5,343754.65625,Melee,0
5,343754.65625,Melee,0
5,343754.65625,Melee,0
5,343754.65625,Melee,0
5,343754.65625,Melee,0
5,343754.65625,Melee,0
5,343754.65625,Melee,0
5,343754.65625,Melee,0
5,343754.65625,Melee,0
5,343754.65625,Melee,0
5,343754.65625,Melee,0
5,343754.65625,Melee,0
5,343754.65625,Melee,0
5,343754.65625,Melee,0
5,343754.65625,Melee,0
5,343754.65625,Melee,0
5,343754.65625,Melee,0
5,343754.65625,Melee,0
5,343754.65625,Melee,0
5,343754.65625,Melee,0
5,343754.65625,Melee,0
5,343754.65625,Melee,0
5,343754.65625,Melee,0
5,343754.65625,Melee,0
5,343754.65625,Melee,0
5,343754.65625,Melee,0
5,343754.65625,Melee,0
5,343754.65625,Melee,0
5,343754.65625,Melee,0
5,343754.65625,Melee,0
5,343754.65625,Melee,0
5,343754.65625,Melee,0
5,343754.65625,Melee,0
5,343754.65625,Melee,0
5,343754.65625,Melee,0
5,343754.65625,Melee,0
5,343754.65625,Melee,0
5,343754.65625,Melee,0
5,343754.65625,Melee,0
5,343754.65625,Melee,0
5,343754.65625,Melee,0
5,343754.65625,Melee,0
5,343754.65625,Melee,0
5,343754.65625,Melee,0
5,343754.65625,Melee,0
5,343754.65625,Melee,0
5,343754.65625,Melee,0
5,343754.65625,Melee,0
5,343754.65625,Melee,0
5,343754.65625,Melee,0
5,343754.65625,Melee,0
5,343754.65625,Melee,0
5,343754.65625,Melee,0
5,343754.65625,Melee,0
5,343754.65625,Melee,0
5,343754.65625,Melee,0
5,343754.65625,Melee,0
5,343754.65625,Melee,0
5,343754.65625,Melee,0
5,343754.65625,Melee,0
5,343754.65625,Melee,0
5,343754.65625,Melee,0
5,343754.65625,Melee,0
5,343754.65625,Melee,0
5,343754.65625,Melee,0
5,343754.65625,Melee,0
5,343754.65625,Melee,0
5,343754.65625,Melee,0
5,343754.65625,Melee,0
5,343754.65625,Melee,0
5,343754.65625,Melee,0
5,343754.65625,Melee,0
5,343754.65625,Melee,0
5,343754.65625,Melee,0
5,343754.65625,Melee,0
5,343754.65625,Melee,0
5,343754.65625,Melee,0
5,343754.65625,Melee,0
5,343754.65625,Melee,0
5,343754.65625,Melee,0
5,343754.65625,Melee,0
5,343754.65625,Melee,0
5,343754.65625,Melee,0
5,343754.65625,Melee,0
5,343754.65625,Melee,0
5,343754.65625,Melee,0
5,343754.65625,Melee,0
5,343754.65625,Melee,0
5,343754.65625,Melee,0
5,343754.65625,Melee,0
5,343754.65625,Melee,0
5,343754.65625,Melee,0
5,343754.65625,Melee,0
5,343754.65625,Melee,0
5,343754.65625,Melee,0
5,343754.65625,Melee,0
5,343754.65625,Melee,0
5,343754.65625,Melee,0
5,343754.65625,Melee,0
5,343754.65625,Melee,0
5,343754.65625,Melee,0
5,343754.65625,Melee,0
5,343754.65625,Melee,0
5,343754.65625,Melee,0
5,343754.65625,Melee,0
5,343754.65625,Melee,0
5,343754.65625,Melee,0
5,343754.65625,Melee,0
5,343754.65625,Melee,0
5,343754.65625,Melee,0
5,343754.65625,Melee,0
5,343754.65625,Melee,0
5,343754.65625,Melee,0
5,343754.65625,Melee,0
5,343754.65625,Melee,0
5,343754.65625,Melee,0
5,343754.65625,Melee,0
5,343754.65625,Melee,0
5,343754.65625,Melee,0
5,343754.65625,Melee,0
5,343754.65625,Melee,0
5,343754.65625,Melee,0
5,343754.65625,Melee,0
5,343754.65625,Melee,0
5,343754.65625,Melee,0
5,343754.65625,Melee,0
5,343754.65625,Melee,0
5,343754.65625,Melee,0
5,343754.65625,Melee,0
5,343754.65625,Melee,0
5,343754.65625,Melee,0
5,343754.65625,Melee,0
5,343754.65625,Melee,0
5,343754.65625,Melee,0
5,343754.65625,Melee,0
5,343754.65625,Melee,0
5,343754.65625,Melee,0
5,343754.65625,Melee,0
5,343754.65625,Melee,0
5,343754.65625,Melee,0
5,343754.65625,Melee,0
5,343754.65625,Melee,0
5,343754.65625,Melee,0
5,343754.65625,Melee,0
5,343754.65625,Melee,0
5,343754.65625,Melee,0
5,343754.65625,Melee,0
5,343754.65625,Melee,0
5,343754.65625,Melee,0
5,343754.65625,Melee,0
5,343754.65625,Melee,0
5,343754.65625,Melee,0
5,343754.65625,Melee,0
5,343754.65625,Melee,0
5,343754.65625,Melee,0
5,343754.65625,Melee,0
5,343754.65625,Melee,0
5,343754.65625,Melee,0
5,343754.65625,Melee,0
5,343754.65625,Melee,0
5,343754.65625,Melee,0
5,343754.65625,Melee,0
5,343754.65625,Melee,0
5,343754.65625,Melee,0
5,343754.65625,Melee,0
5,343754.65625,Melee,0
5,343754.65625,Melee,0
5,343754.65625,Melee,0
5,343754.65625,Melee,0
5,343754.65625,Melee,0
5,343754.65625,Melee,0
5,343754.65625,Melee,0
5,343754.65625,Melee,0
5,343754.65625,Melee,0
5,343754.65625,Melee,0
5,343754.65625,Melee,0
5,343754.65625,Melee,0
5,343754.65625,Melee,0
5,343754.65625,Melee,0
5,343754.65625,Melee,0
5,343754.65625,Melee,0
5,343754.65625,Melee,0
5,343754.65625,Melee,0
5,343754.65625,Melee,0
5,343754.65625,Melee,0
5,343754.65625,Melee,0
5,343754.65625,Melee,0
5,343754.65625,Melee,0
5,343754.65625,Melee,0
5,343754.65625,Melee,0
5,343754.65625,Melee,0
5,343754.65625,Melee,0
5,343754.65625,Melee,0
5,343754.65625,Melee,0
5,343754.65625,Melee,0
5,343754.65625,Melee,0
5,343754.65625,Melee,0
5,343754.65625,Melee,0
5,343754.65625,Melee,0
5,343754.65625,Melee,0
5,343754.65625,Melee,0
5,343754.65625,Melee,0
5,343754.65625,Melee,0
5,343754.65625,Melee,0
5,343754.65625,Melee,0
5,343754.65625,Melee,0
5,343754.65625,Melee,0
5,343754.65625,Melee,0
5,343754.65625,Melee,0
5,343754.65625,Melee,0
5,343754.65625,Melee,0
5,343754.65625,Melee,0
5,343754.65625,Melee,0
5,343754.65625,Melee,0
5,343754.65625,Melee,0
5,343754.65625,Melee,0
5,343754.65625,Melee,0
5,343754.65625,Melee,0
5,343754.65625,Melee,0
5,343754.65625,Melee,0
5,343754.65625,Melee,0
5,343754.65625,Melee,0
5,343754.65625,Melee,0
5,343754.65625,Melee,0
5,343754.65625,Melee,0
5,343754.65625,Melee,0
5,343754.65625,Melee,0
5,343754.65625,Melee,0
5,343754.65625,Melee,0
5,343754.65625,Melee,0
5,343754.65625,Melee,0
5,343754.65625,Melee,0
5,343754.65625,Melee,0
5,343754.65625,Melee,0
5,343754.65625,Melee,0
5,343754.65625,Melee,0
5,343754.65625,Melee,0
5,343754.65625,Melee,0
5,343754.65625,Melee,0
5,343754.65625,Melee,0
5,343754.65625,Melee,0
5,343754.65625,Melee,0
5,343754.65625,Melee,0
5,343754.65625,Melee,0
5,343754.65625,Melee,0
5,343754.65625,Melee,0
5,343754.65625,Melee,0
5,343754.65625,Melee,0
5,343754.65625,Melee,0
5,343754.65625,Melee,0
5,343754.65625,Melee,0
5,343754.65625,Melee,0
5,343754.65625,Melee,0
5,343754.65625,Melee,0
5,343754.65625,Melee,0
5,343754.65625,Melee,0
5,343754.65625,Melee,0
5,343754.65625,Melee,0
5,343754.65625,Melee,0
5,343754.65625,Melee,0
5,343754.65625,Melee,0
5,343754.65625,Melee,0
5,343754.65625,Melee,0
5,343754.65625,Melee,0
5,343754.65625,Melee,0
5,343754.65625,Melee,0
5,343754.65625,Melee,0
5,343754.65625,Melee,0
5,343754.65625,Melee,0
5,343754.65625,Melee,0
5,343754.65625,Melee,0
5,343754.65625,Melee,0
5,343754.65625,Melee,0
5,343754.65625,Melee,0
5,343754.65625,Melee,0
5,343754.65625,Melee,0
5,343754.65625,Melee,0
5,343754.65625,Melee,0
5,343754.65625,Melee,0
5,343754.65625,Melee,0
5,343754.65625,Melee,0
5,343754.65625,Melee,0
5,343754.65625,Melee,0
5,343754.65625,Melee,0
5,343754.65625,Melee,0
5,343754.65625,Melee,0
5,343754.65625,Melee,0
5,343754.65625,Melee,0
5,343754.65625,Melee,0
5,343754.65625,Melee,0
5,343754.65625,Melee,0
5,343754.65625,Melee,0
5,343754.65625,Melee,0
5,343754.65625,Melee,0
5,343754.65625,Melee,0
5,343754.65625,Melee,0
5,343754.65625,Melee,0
5,343754.65625,Melee,0
5,343754.65625,Melee,0
5,343754.65625,Melee,0
5,343754.65625,Melee,0
5,343754.65625,Melee,0
5,343754.65625,Melee,0
5,343754.65625,Melee,0
5,343754.65625,Melee,0
5,343754.65625,Melee,0
5,343754.65625,Melee,0
5,343754.65625,Melee,0
5,343754.65625,Melee,0
5,343754.65625,Melee,0
5,343754.65625,Melee,0
5,343754.65625,Melee,0
5,343754.65625,Melee,0
5,343754.65625,Melee,0
5,343754.65625,Melee,0
5,343754.65625,Melee,0
5,343754.65625,Melee,0
5,343754.65625,Melee,0
5,343754.65625,Melee,0
5,343754.65625,Melee,0
5,343754.65625,Melee,0
5,343754.65625,Melee,0
5,343754.65625,Melee,0
5,343754.65625,Melee,0
5,343754.65625,Melee,0
5,343754.65625,Melee,0
5,343754.65625,Melee,0
5,343754.65625,Melee,0
5,343754.65625,Melee,0
5,343754.65625,Melee,0
5,343754.65625,Melee,0
5,343754.65625,Melee,0
5,343754.65625,Melee,0
5,343754.65625,Melee,0
5,343754.65625,Melee,0
5,343754.65625,Melee,0
5,343754.65625,Melee,0
5,343754.65625,Melee,0
5,343754.65625,Melee,0
5,343754.65625,Melee,0
5,343754.65625,Melee,0
5,343754.65625,Melee,0
5,343754.65625,Melee,0
5,343754.65625,Melee,0
5,343754.65625,Melee,0
5,343754.65625,Melee,0
5,343754.65625,Melee,0
5,343754.65625,Melee,0
5,343754.65625,Melee,0
5,343754.65625,Melee,0
5,343754.65625,Melee,0
5,343754.65625,Melee,0
5,343754.65625,Melee,0
5,343754.65625,Melee,0
5,343754.65625,Melee,0
5,343754.65625,Melee,0
5,343754.65625,Melee,0
5,343754.65625,Melee,0
5,343754.65625,Melee,0
5,343754.65625,Melee,0
5,343754.65625,Melee,0
5,343754.65625,Melee,0
5,343754.65625,Melee,0
5,343754.65625,Melee,0
5,343754.65625,Melee,0
5,343754.65625,Melee,0
5,343754.65625,Melee,0
5,343754.65625,Melee,0
5,343754.65625,Melee,0
5,343754.65625,Melee,0
5,343754.65625,Melee,0
5,343754.65625,Melee,0
5,343754.65625,Melee,0
5,343754.65625,Melee,0
5,343754.65625,Melee,0
5,343754.65625,Melee,0
5,343754.65625,Melee,0
5,343754.65625,Melee,0
5,343754.65625,Melee,0
5,343754.65625,Melee,0
5,343754.65625,Melee,0
5,343754.65625,Melee,0
5,343754.65625,Melee,0
5,343754.65625,Melee,0
5,343754.65625,Melee,0
5,343754.65625,Melee,0
5,343754.65625,Melee,0
5,343754.65625,Melee,0
5,343754.65625,Melee,0
5,343754.65625,Melee,0
5,343754.65625,Melee,0
5,343754.65625,Melee,0
5,343754.65625,Melee,0
5,343754.65625,Melee,0
5,343754.65625,Melee,0
5,343754.65625,Melee,0
5,343754.65625,Melee,0
5,343754.65625,Melee,0
5,343754.65625,Melee,0
5,343754.65625,Melee,0
5,343754.65625,Melee,0
5,343754.65625,Melee,0
5,343754.65625,Melee,0
5,343754.65625,Melee,0
5,343754.65625,Melee,0
5,343754.65625,Melee,0
5,343754.65625,Melee,0
5,343754.65625,Melee,0
5,343754.65625,Melee,0
5,343754.65625,Melee,0
5,343754.65625,Melee,0
5,343754.65625,Melee,0
5,343754.65625,Melee,0
5,343754.65625,Melee,0
5,343754.65625,Melee,0
5,343754.65625,Melee,0
5,343754.65625,Melee,0
5,343754.65625,Melee,0
5,343754.65625,Melee,0
5,343754.65625,Melee,0
5,343754.65625,Melee,0
5,343754.65625,Melee,0
5,343754.65625,Melee,0
5,343754.65625,Melee,0
5,343754.65625,Melee,0
5,343754.65625,Melee,0
5,343754.65625,Melee,0
5,343754.65625,Melee,0
5,343754.65625,Melee,0
5,343754.65625,Melee,0
5,343754.65625,Melee,0
5,343754.65625,Melee,0
5,343754.65625,Melee,0
5,343754.65625,Melee,0
5,343754.65625,Melee,0
5,343754.65625,Melee,0
5,343754.65625,Melee,0
5,343754.65625,Melee,0
5,343754.65625,Melee,0
5,343754.65625,Melee,0
5,343754.65625,Melee,0
5,343754.65625,Melee,0
5,343754.65625,Melee,0
5,343754.65625,Melee,0
5,343754.65625,Melee,0
5,343754.65625,Melee,0
5,343754.65625,Melee,0
5,343754.65625,Melee,0
5,343754.65625,Melee,0
5,343754.65625,Melee,0
5,343754.65625,Melee,0
5,343754.65625,Melee,0
5,343754.65625,Melee,0
5,343754.65625,Melee,0
5,343754.65625,Melee,0
5,343754.65625,Melee,0
5,343754.65625,Melee,0
5,343754.65625,Melee,0
5,343754.65625,Melee,0
5,343754.65625,Melee,0
5,343754.65625,Melee,0
5,343754.65625,Melee,0
5,343754.65625,Melee,0
5,343754.65625,Melee,0
5,343754.65625,Melee,0
5,343754.65625,Melee,0
5,343754.65625,Melee,0
5,343754.65625,Melee,0
5,343754.65625,Melee,0
5,343754.65625,Melee,0
5,343754.65625,Melee,0
5,343754.65625,Melee,0
5,343754.65625,Melee,0
5,343754.65625,Melee,0
5,343754.65625,Melee,0
5,343754.65625,Melee,0
5,343754.65625,Melee,0
5,343754.65625,Melee,0
5,343754.65625,Melee,0
5,343754.65625,Melee,0
5,343754.65625,Melee,0
5,343754.65625,Melee,0
5,343754.65625,Melee,0
5,343754.65625,Melee,0
5,343754.65625,Melee,0
5,343754.65625,Melee,0
5,343754.65625,Melee,0
5,343754.65625,Melee,0
5,343754.65625,Melee,0
5,343754.65625,Melee,0
5,343754.65625,Melee,0
5,343754.65625,Melee,0
5,343754.65625,Melee,0
5,343754.65625,Melee,0
5,343754.65625,Melee,0
5,343754.65625,Melee,0
5,343754.65625,Melee,0
5,343754.65625,Melee,0
5,343754.65625,Melee,0
5,343754.65625,Melee,0
5,343754.65625,Melee,0
5,343754.65625,Melee,0
5,343754.65625,Melee,0
5,343754.65625,Melee,0
5,343754.65625,Melee,0
5,343754.65625,Melee,0
5,343754.65625,Melee,0
5,343754.65625,Melee,0
5,343754.65625,Melee,0
5,343754.65625,Melee,0
5,343754.65625,Melee,0
5,343754.65625,Melee,0
5,343754.65625,Melee,0
5,343754.65625,Melee,0
5,343754.65625,Melee,0
5,343754.65625,Melee,0
5,343754.65625,Melee,0
5,343754.65625,Melee,0
5,343754.65625,Melee,0
5,343754.65625,Melee,0
5,343754.65625,Melee,0
5,343754.65625,Melee,0
5,343754.65625,Melee,0
5,343754.65625,Melee,0
5,343754.65625,Melee,0
5,343754.65625,Melee,0
5,343754.65625,Melee,0
5,343754.65625,Melee,0
5,343754.65625,Melee,0
5,343754.65625,Melee,0
5,343754.65625,Melee,0
5,343754.65625,Melee,0
5,343754.65625,Melee,0
5,343754.65625,Melee,0
5,343754.65625,Melee,0
5,343754.65625,Melee,0
5,343754.65625,Melee,0
5,343754.65625,Melee,0
5,343754.65625,Melee,0
5,343754.65625,Melee,0
5,343754.65625,Melee,0
5,343754.65625,Melee,0
5,343754.65625,Melee,0
5,343754.65625,Melee,0
5,343754.65625,Melee,0
5,343754.65625,Melee,0
5,343754.65625,Melee,0
5,343754.65625,Melee,0
5,343754.65625,Melee,0
5,343754.65625,Melee,0
5,343754.65625,Melee,0
5,343754.65625,Melee,0
5,343754.65625,Melee,0
5,343754.65625,Melee,0
5,343754.65625,Melee,0
5,343754.65625,Melee,0
5,343754.65625,Melee,0
5,343754.65625,Melee,0
5,343754.65625,Melee,0
5,343754.65625,Melee,0
5,343754.65625,Melee,0
5,343754.65625,Melee,0
5,343754.65625,Melee,0
5,343754.65625,Melee,0
5,343754.65625,Melee,0
5,343754.65625,Melee,0
5,343754.65625,Melee,0
5,343754.65625,Melee,0
5,343754.65625,Melee,0
5,343754.65625,Melee,0
5,343754.65625,Melee,0
5,343754.65625,Melee,0
5,343754.65625,Melee,0
5,343754.65625,Melee,0
5,343754.65625,Melee,0
5,343754.65625,Melee,0
5,343754.65625,Melee,0
5,343754.65625,Melee,0
5,343754.65625,Melee,0
5,343754.65625,Melee,0
5,343754.65625,Melee,0
5,343754.65625,Melee,0
5,343754.65625,Melee,0
5,343754.65625,Melee,0
5,343754.65625,Melee,0
5,343754.65625,Melee,0
5,343754.65625,Melee,0
5,343754.65625,Melee,0
5,343754.65625,Melee,0
5,343754.65625,Melee,0
5,343754.65625,Melee,0
5,343754.65625,Melee,0
5,343754.65625,Melee,0
5,343754.65625,Melee,0
5,343754.65625,Melee,0
5,343754.65625,Melee,0
5,343754.65625,Melee,0
5,343754.65625,Melee,0
5,343754.65625,Melee,0
5,343754.65625,Melee,0
5,343754.65625,Melee,0
5,343754.65625,Melee,0
5,343754.65625,Melee,0
5,343754.65625,Melee,0
5,343754.65625,Melee,0
5,343754.65625,Melee,0
5,343754.65625,Melee,0
5,343754.65625,Melee,0
5,343754.65625,Melee,0
5,343754.65625,Melee,0
5,343754.65625,Melee,0
5,343754.65625,Melee,0
5,343754.65625,Melee,0
5,343754.65625,Melee,0
5,343754.65625,Melee,0
5,343754.65625,Melee,0
5,343754.65625,Melee,0
5,343754.65625,Melee,0
5,343754.65625,Melee,0
5,343754.65625,Melee,0
5,343754.65625,Melee,0
5,343754.65625,Melee,0
5,343754.65625,Melee,0
5,343754.65625,Melee,0
5,343754.65625,Melee,0
5,343754.65625,Melee,0
5,343754.65625,Melee,0
5,343754.65625,Melee,0
5,343754.65625,Melee,0
5,343754.65625,Melee,0
5,343754.65625,Melee,0
5,343754.65625,Melee,0
5,343754.65625,Melee,0
5,343754.65625,Melee,0
5,343754.65625,Melee,0
5,343754.65625,Melee,0
5,343754.65625,Melee,0
5,343754.65625,Melee,0
5,343754.65625,Melee,0
5,343754.65625,Melee,0
5,343754.65625,Melee,0
5,343754.65625,Melee,0
5,343754.65625,Melee,0
5,343754.65625,Melee,0
5,343754.65625,Melee,0
5,343754.65625,Melee,0
5,343754.65625,Melee,0
5,343754.65625,Melee,0
5,343754.65625,Melee,0
5,343754.65625,Melee,0
5,343754.65625,Melee,0
5,343754.65625,Melee,0
5,343754.65625,Melee,0
5,343754.65625,Melee,0
5,343754.65625,Melee,0
5,343754.65625,Melee,0
5,343754.65625,Melee,0
5,343754.65625,Melee,0
5,343754.65625,Melee,0
5,343754.65625,Melee,0
5,343754.65625,Melee,0
5,343754.65625,Melee,0
5,343754.65625,Melee,0
5,343754.65625,Melee,0
5,343754.65625,Melee,0
5,343754.65625,Melee,0
5,343754.65625,Melee,0
5,343754.65625,Melee,0
5,343754.65625,Melee,0
5,343754.65625,Melee,0
5,343754.65625,Melee,0
5,343754.65625,Melee,0
5,343754.65625,Melee,0
5,343754.65625,Melee,0
5,343754.65625,Melee,0
5,343754.65625,Melee,0
5,343754.65625,Melee,0
5,343754.65625,Melee,0
5,343754.65625,Melee,0
5,343754.65625,Melee,0
5,343754.65625,Melee,0
5,343754.65625,Melee,0
5,343754.65625,Melee,0
5,343754.65625,Melee,0
5,343754.65625,Melee,0
5,343754.65625,Melee,0
5,343754.65625,Melee,0
5,343754.65625,Melee,0
5,343754.65625,Melee,0
5,343754.65625,Melee,0
5,343754.65625,Melee,0
5,343754.65625,Melee,0
5,343754.65625,Melee,0
5,343754.65625,Melee,0
5,343754.65625,Melee,0
5,343754.65625,Melee,0
5,343754.65625,Melee,0
5,343754.65625,Melee,0
5,343754.65625,Melee,0
5,343754.65625,Melee,0
5,343754.65625,Melee,0
5,343754.65625,Melee,0
5,343754.65625,Melee,0
5,343754.65625,Melee,0
5,343754.65625,Melee,0
5,343754.65625,Melee,0
5,343754.65625,Melee,0
5,343754.65625,Melee,0
5,343754.65625,Melee,0
5,343754.65625,Melee,0
5,343754.65625,Melee,0
5,343754.65625,Melee,0
5,343754.65625,Melee,0
5,343754.65625,Melee,0
5,343754.65625,Melee,0
5,343754.65625,Melee,0
5,343754.65625,Melee,0
5,343754.65625,Melee,0
5,343754.65625,Melee,0
5,343754.65625,Melee,0
5,343754.65625,Melee,0
5,343754.65625,Melee,0
5,343754.65625,Melee,0
5,343754.65625,Melee,0
5,343754.65625,Melee,0
5,343754.65625,Melee,0
5,343754.65625,Melee,0
5,343754.65625,Melee,0
5,343754.65625,Melee,0
5,343754.65625,Melee,0
5,343754.65625,Melee,0
5,343754.65625,Melee,0
5,343754.65625,Melee,0
5,343754.65625,Melee,0
5,343754.65625,Melee,0
5,343754.65625,Melee,0
5,343754.65625,Melee,0
5,343754.65625,Melee,0
5,343754.65625,Melee,0
5,343754.65625,Melee,0
5,343754.65625,Melee,0
5,343754.65625,Melee,0
5,343754.65625,Melee,0
5,343754.65625,Melee,0
5,343754.65625,Melee,0
5,343754.65625,Melee,0
5,343754.65625,Melee,0
5,343754.65625,Melee,0
5,343754.65625,Melee,0
5,343754.65625,Melee,0
5,343754.65625,Melee,0
5,343754.65625,Melee,0
5,343754.65625,Melee,0
5,343754.65625,Melee,0
5,343754.65625,Melee,0
5,343754.65625,Melee,0
5,343754.65625,Melee,0
5,343754.65625,Melee,0
5,343754.65625,Melee,0
5,343754.65625,Melee,0
5,343754.65625,Melee,0
5,343754.65625,Melee,0
5,343754.65625,Melee,0
5,343754.65625,Melee,0
5,343754.65625,Melee,0
5,343754.65625,Melee,0
5,343754.65625,Melee,0
5,343754.65625,Melee,0
5,343754.65625,Melee,0
5,343754.65625,Melee,0
5,343754.65625,Melee,0
5,343754.65625,Melee,0
5,343754.65625,Melee,0
5,343754.65625,Melee,0
5,343754.65625,Melee,0
5,343754.65625,Melee,0
5,343754.65625,Melee,0
5,343754.65625,Melee,0
5,343754.65625,Melee,0
5,343754.65625,Melee,0
5,343754.65625,Melee,0
5,343754.65625,Melee,0
5,343754.65625,Melee,0
5,343754.65625,Melee,0
5,343754.65625,Melee,0
5,343754.65625,Melee,0
5,343754.65625,Melee,0
5,343754.65625,Melee,0
5,343754.65625,Melee,0
5,343754.65625,Melee,0
5,343754.65625,Melee,0
5,343754.65625,Melee,0
5,343754.65625,Melee,0
5,343754.65625,Melee,0
5,343754.65625,Melee,0
5,343754.65625,Melee,0
5,343754.65625,Melee,0
5,343754.65625,Melee,0
5,343754.65625,Melee,0
5,343754.65625,Melee,0
5,343754.65625,Melee,0
5,343754.65625,Melee,0
5,343754.65625,Melee,0
5,343754.65625,Melee,0
5,343754.65625,Melee,0
5,343754.65625,Melee,0
5,343754.65625,Melee,0
5,343754.65625,Melee,0
5,343754.65625,Melee,0
5,343754.65625,Melee,0
5,343754.65625,Melee,0
5,343754.65625,Melee,0
5,343754.65625,Melee,0
5,343754.65625,Melee,0
5,343754.65625,Melee,0
5,343754.65625,Melee,0
5,343754.65625,Melee,0
5,343754.65625,Melee,0
5,343754.65625,Melee,0
5,343754.65625,Melee,0
5,343754.65625,Melee,0
5,343754.65625,Melee,0
5,343754.65625,Melee,0
5,343754.65625,Melee,0
5,343754.65625,Melee,0
5,343754.65625,Melee,0
5,343754.65625,Melee,0
5,343754.65625,Melee,0
5,343754.65625,Melee,0
5,343754.65625,Melee,0
5,343754.65625,Melee,0
5,343754.65625,Melee,0
5,343754.65625,Melee,0
5,343754.65625,Melee,0
5,343754.65625,Melee,0
5,343754.65625,Melee,0
5,343754.65625,Melee,0
5,343754.65625,Melee,0
5,343754.65625,Melee,0
5,343754.65625,Melee,0
5,343754.65625,Melee,0
5,343754.65625,Melee,0
5,343754.65625,Melee,0
5,343754.65625,Melee,0
5,343754.65625,Melee,0
5,343754.65625,Melee,0
5,343754.65625,Melee,0
5,343754.65625,Melee,0
5,343754.65625,Melee,0
5,343754.65625,Melee,0
5,343754.65625,Melee,0
5,343754.65625,Melee,0
5,343754.65625,Melee,0
5,343754.65625,Melee,0
5,343754.65625,Melee,0
5,343754.65625,Melee,0
5,343754.65625,Melee,0
5,343754.65625,Melee,0
5,343754.65625,Melee,0
5,343754.65625,Melee,0
5,343754.65625,Melee,0
5,343754.65625,Melee,0
5,343754.65625,Melee,0
5,343754.65625,Melee,0
5,343754.65625,Melee,0
5,343754.65625,Melee,0
5,343754.65625,Melee,0
5,343754.65625,Melee,0
5,343754.65625,Melee,0
5,343754.65625,Melee,0
5,343754.65625,Melee,0
5,343754.65625,Melee,0
5,343754.65625,Melee,0
5,343754.65625,Melee,0
5,343754.65625,Melee,0
5,343754.65625,Melee,0
5,343754.65625,Melee,0
5,343754.65625,Melee,0
5,343754.65625,Melee,0
5,343754.65625,Melee,0
5,343754.65625,Melee,0
5,343754.65625,Melee,0
5,343754.65625,Melee,0
5,343754.65625,Melee,0
5,343754.65625,Melee,0
5,343754.65625,Melee,0
5,343754.65625,Melee,0
5,343754.65625,Melee,0
5,343754.65625,Melee,0
5,343754.65625,Melee,0
5,343754.65625,Melee,0
5,343754.65625,Melee,0
5,343754.65625,Melee,0
5,343754.65625,Melee,0
5,343754.65625,Melee,0
5,343754.65625,Melee,0
5,343754.65625,Melee,0
5,343754.65625,Melee,0
5,343754.65625,Melee,0
5,343754.65625,Melee,0
5,343754.65625,Melee,0
5,343754.65625,Melee,0
5,343754.65625,Melee,0
5,343754.65625,Melee,0
5,343754.65625,Melee,0
5,343754.65625,Melee,0
5,343754.65625,Melee,0
5,343754.65625,Melee,0
5,343754.65625,Melee,0
5,343754.65625,Melee,0
5,343754.65625,Melee,0
5,343754.65625,Melee,0
5,343754.65625,Melee,0
5,343754.65625,Melee,0
5,343754.65625,Melee,0
5,343754.65625,Melee,0
5,343754.65625,Melee,0
5,343754.65625,Melee,0
5,343754.65625,Melee,0
5,343754.65625,Melee,0
5,343754.65625,Melee,0
5,343754.65625,Melee,0
5,343754.65625,Melee,0
5,343754.65625,Melee,0
5,343754.65625,Melee,0
5,343754.65625,Melee,0
5,343754.65625,Melee,0
5,343754.65625,Melee,0
5,343754.65625,Melee,0
5,343754.65625,Melee,0
5,343754.65625,Melee,0
5,343754.65625,Melee,0
5,343754.65625,Melee,0
5,343754.65625,Melee,0
5,343754.65625,Melee,0
5,343754.65625,Melee,0
5,343754.65625,Melee,0
5,343754.65625,Melee,0
5,343754.65625,Melee,0
5,343754.65625,Melee,0
5,343754.65625,Melee,0
5,343754.65625,Melee,0
5,343754.65625,Melee,0
5,343754.65625,Melee,0
5,343754.65625,Melee,0
5,343754.65625,Melee,0
5,343754.65625,Melee,0
5,343754.65625,Melee,0
5,343754.65625,Melee,0
5,343754.65625,Melee,0
5,343754.65625,Melee,0
5,343754.65625,Melee,0
5,343754.65625,Melee,0
5,343754.65625,Melee,0
5,343754.65625,Melee,0
5,343754.65625,Melee,0
5,343754.65625,Melee,0
5,343754.65625,Melee,0
5,343754.65625,Melee,0
5,343754.65625,Melee,0
5,343754.65625,Melee,0
5,343754.65625,Melee,0
5,343754.65625,Melee,0
5,343754.65625,Melee,0
5,343754.65625,Melee,0
5,343754.65625,Melee,0
5,343754.65625,Melee,0
5,343754.65625,Melee,0
5,343754.65625,Melee,0
5,343754.65625,Melee,0
5,343754.65625,Melee,0
5,343754.65625,Melee,0
5,343754.65625,Melee,0
5,343754.65625,Melee,0
5,343754.65625,Melee,0
5,343754.65625,Melee,0
5,343754.65625,Melee,0
5,343754.65625,Melee,0
5,343754.65625,Melee,0
5,343754.65625,Melee,0
5,343754.65625,Melee,0
5,343754.65625,Melee,0
5,343754.65625,Melee,0
5,343754.65625,Melee,0
5,343754.65625,Melee,0
5,343754.65625,Melee,0
5,343754.65625,Melee,0
5,343754.65625,Melee,0
5,343754.65625,Melee,0
5,343754.65625,Melee,0
5,343754.65625,Melee,0
5,343754.65625,Melee,0
5,343754.65625,Melee,0
5,343754.65625,Melee,0
5,343754.65625,Melee,0
5,343754.65625,Melee,0
5,343754.65625,Melee,0
5,343754.65625,Melee,0
5,343754.65625,Melee,0
5,343754.65625,Melee,0
5,343754.65625,Melee,0
5,343754.65625,Melee,0
5,343754.65625,Melee,0
5,343754.65625,Melee,0
5,343754.65625,Melee,0
5,343754.65625,Melee,0
5,343754.65625,Melee,0
5,343754.65625,Melee,0
5,343754.65625,Melee,0
5,343754.65625,Melee,0
5,343754.65625,Melee,0
5,343754.65625,Melee,0
5,343754.65625,Melee,0
5,343754.65625,Melee,0
5,343754.65625,Melee,0
5,343754.65625,Melee,0
5,343754.65625,Melee,0
5,343754.65625,Melee,0
5,343754.65625,Melee,0
5,343754.65625,Melee,0
5,343754.65625,Melee,0
5,343754.65625,Melee,0
5,343754.65625,Melee,0
5,343754.65625,Melee,0
5,343754.65625,Melee,0
5,343754.65625,Melee,0
5,343754.65625,Melee,0
5,343754.65625,Melee,0
5,343754.65625,Melee,0
5,343754.65625,Melee,0
5,343754.65625,Melee,0
5,343754.65625,Melee,0
5,343754.65625,Melee,0
5,343754.65625,Melee,0
5,343754.65625,Melee,0
5,343754.65625,Melee,0
5,343754.65625,Melee,0
5,343754.65625,Melee,0
5,343754.65625,Melee,0
5,343754.65625,Melee,0
5,343754.65625,Melee,0
5,343754.65625,Melee,0
5,343754.65625,Melee,0
5,343754.65625,Melee,0
5,343754.65625,Melee,0
5,343754.65625,Melee,0
5,343754.65625,Melee,0
5,343754.65625,Melee,0
5,343754.65625,Melee,0
5,343754.65625,Melee,0
5,343754.65625,Melee,0
5,343754.65625,Melee,0
5,343754.65625,Melee,0
5,343754.65625,Melee,0
5,343754.65625,Melee,0
5,343754.65625,Melee,0
5,343754.65625,Melee,0
5,343754.65625,Melee,0
5,343754.65625,Melee,0
5,343754.65625,Melee,0
5,343754.65625,Melee,0
5,343754.65625,Melee,0
5,343754.65625,Melee,0
5,343754.65625,Melee,0
5,343754.65625,Melee,0
5,343754.65625,Melee,0
5,343754.65625,Melee,0
5,343754.65625,Melee,0
5,343754.65625,Melee,0
5,343754.65625,Melee,0
5,343754.65625,Melee,0
5,343754.65625,Melee,0
5,343754.65625,Melee,0
5,343754.65625,Melee,0
5,343754.65625,Melee,0
5,343754.65625,Melee,0
5,343754.65625,Melee,0
5,343754.65625,Melee,0
5,343754.65625,Melee,0
5,343754.65625,Melee,0
5,343754.65625,Melee,0
5,343754.65625,Melee,0
5,343754.65625,Melee,0
5,343754.65625,Melee,0
5,343754.65625,Melee,0
5,343754.65625,Melee,0
5,343754.65625,Melee,0
5,343754.65625,Melee,0
5,343754.65625,Melee,0
5,343754.65625,Melee,0
5,343754.65625,Melee,0
5,343754.65625,Melee,0
5,343754.65625,Melee,0
5,343754.65625,Melee,0
5,343754.65625,Melee,0
5,343754.65625,Melee,0
5,343754.65625,Melee,0
5,343754.65625,Melee,0
5,343754.65625,Melee,0
5,343754.65625,Melee,0
5,343754.65625,Melee,0
5,343754.65625,Melee,0
5,343754.65625,Melee,0
5,343754.65625,Melee,0
5,343754.65625,Melee,0
5,343754.65625,Melee,0
5,343754.65625,Melee,0
5,343754.65625,Melee,0
5,343754.65625,Melee,0
5,343754.65625,Melee,0
5,343754.65625,Melee,0
5,343754.65625,Melee,0
5,343754.65625,Melee,0
5,343754.65625,Melee,0
5,343754.65625,Melee,0
5,343754.65625,Melee,0
5,343754.65625,Melee,0
5,343754.65625,Melee,0
5,343754.65625,Melee,0
5,343754.65625,Melee,0
5,343754.65625,Melee,0
5,343754.65625,Melee,0
5,343754.65625,Melee,0
5,343754.65625,Melee,0
5,343754.65625,Melee,0
5,343754.65625,Melee,0
5,343754.65625,Melee,0
5,343754.65625,Melee,0
5,343754.65625,Melee,0
5,343754.65625,Melee,0
5,343754.65625,Melee,0
5,343754.65625,Melee,0
5,343754.65625,Melee,0
5,343754.65625,Melee,0
5,343754.65625,Melee,0
5,343754.65625,Melee,0
5,343754.65625,Melee,0
5,343754.65625,Melee,0
5,343754.65625,Melee,0
5,343754.65625,Melee,0
5,343754.65625,Melee,0
5,343754.65625,Melee,0
5,343754.65625,Melee,0
5,343754.65625,Melee,0
5,343754.65625,Melee,0
5,343754.65625,Melee,0
5,343754.65625,Melee,0
5,343754.65625,Melee,0
5,343754.65625,Melee,0
5,343754.65625,Melee,0
5,343754.65625,Melee,0
5,343754.65625,Melee,0
5,343754.65625,Melee,0
5,343754.65625,Melee,0
5,343754.65625,Melee,0
5,343754.65625,Melee,0
5,343754.65625,Melee,0
5,343754.65625,Melee,0
5,343754.65625,Melee,0
5,343754.65625,Melee,0
5,343754.65625,Melee,0
5,343754.65625,Melee,0
5,343754.65625,Melee,0
5,343754.65625,Melee,0
5,343754.65625,Melee,0
5,343754.65625,Melee,0
5,343754.65625,Melee,0
5,343754.65625,Melee,0
5,343754.65625,Melee,0
5,343754.65625,Melee,0
5,343754.65625,Melee,0
5,343754.65625,Melee,0
5,343754.65625,Melee,0
5,343754.65625,Melee,0
5,343754.65625,Melee,0
5,343754.65625,Melee,0
5,343754.65625,Melee,0
5,343754.65625,Melee,0
5,343754.65625,Melee,0
5,343754.65625,Melee,0
5,343754.65625,Melee,0
5,343754.65625,Melee,0
5,343754.65625,Melee,0
5,343754.65625,Melee,0
5,343754.65625,Melee,0
5,343754.65625,Melee,0
5,343754.65625,Melee,0
5,343754.65625,Melee,0
5,343754.65625,Melee,0
5,343754.65625,Melee,0
5,343754.65625,Melee,0
5,343754.65625,Melee,0
5,343754.65625,Melee,0
5,343754.65625,Melee,0
5,343754.65625,Melee,0
5,343754.65625,Melee,0
5,343754.65625,Melee,0
